steps,time,reward,delta,converged
1,0.010000000000218279,-0.11551724137931027,1.0,False
2,0.0,-0.13750000000000004,1.0,False
3,0.0,-0.12250000000000005,1.0,False
4,0.009999999999763531,-0.13103448275862073,1.0,False
5,0.0,-0.16923076923076924,1.0,False
6,0.0,-0.14500000000000002,1.0,False
7,0.0,-0.14500000000000002,1.0,False
8,0.0,-0.12727272727272732,1.0,False
9,0.010000000000218279,-0.12250000000000005,1.0,False
10,0.0,-0.14090909090909093,1.0,False
11,0.0,-0.12903225806451618,1.0,False
12,0.0,-0.15625,1.0,False
13,0.009999999999763531,-0.13750000000000004,1.0,False
14,0.0,-0.11730769230769227,1.0,False
15,0.010000000000218279,-0.11232876712328754,1.0,False
16,0.0,-0.2285714285714286,1.0,False
17,0.009999999999763531,-0.12647058823529417,1.0,False
18,0.0,-0.0864197530864196,1.0,False
19,0.010000000000218279,-0.11551724137931027,1.0,False
20,0.009999999999763531,-0.10692307692307669,1.0,False
21,0.0,-0.12195121951219516,1.0,False
22,0.0,-0.12368421052631584,1.0,False
23,0.010000000000218279,-0.11451612903225797,1.0,False
24,0.0,-0.13600000000000004,1.0,False
25,0.0,-0.17499999999999996,1.0,False
26,0.0,-0.13461538461538464,1.0,False
27,0.010000000000218279,-0.12571428571428578,1.0,False
28,0.0,-0.13000000000000003,1.0,False
29,0.0,-0.13103448275862073,1.0,False
30,0.0,-0.13333333333333336,1.0,False
31,0.0,-0.11199999999999986,1.0,False
32,0.0,-0.12368421052631584,1.0,False
33,0.010000000000218279,-0.10737704918032764,1.0,False
34,0.0,-0.15625,1.0,False
35,0.0,-0.11111111111111095,1.0,False
36,0.0,-0.15294117647058827,1.0,False
37,0.010000000000218279,-0.13461538461538464,1.0,False
38,0.0,-0.12307692307692314,1.0,False
39,0.0,-0.14500000000000002,1.0,False
40,0.0,-0.11666666666666661,1.0,False
41,0.0,-0.13214285714285717,1.0,False
42,0.0,-0.11034482758620673,1.0,False
43,0.010000000000218279,-0.12195121951219516,1.0,False
44,0.0,-0.11730769230769227,1.0,False
45,0.0,-0.14285714285714288,1.0,False
46,0.009999999999763531,-0.1089999999999998,1.0,False
47,0.0,-0.13214285714285717,1.0,False
48,0.01999999999998181,-0.10494505494505488,1.0,False
49,0.010000000000218279,-0.109782608695652,1.0,False
50,0.0,-0.11097560975609741,1.0,False
51,0.009999999999763531,-0.11874999999999998,1.0,False
52,0.0,-0.10957446808510621,1.0,False
53,0.0,-0.16923076923076924,1.0,False
54,0.0,-0.12142857142857147,1.0,False
55,0.0,-0.12571428571428578,1.0,False
56,0.009999999999763531,-0.12500000000000006,1.0,False
57,0.0,-0.13913043478260873,1.0,False
58,0.0,-0.11304347826086944,1.0,False
59,0.010000000000218279,-0.10841121495327083,1.0,False
60,0.0,-0.13214285714285717,1.9,False
61,0.009999999999763531,-0.14090909090909093,1.9,False
62,0.0,-0.11698113207547164,1.9,False
63,0.0,-0.18181818181818182,1.9,False
64,0.010000000000218279,-0.11956521739130435,1.9,False
65,0.0,-0.13214285714285717,1.9,False
66,0.0,-0.11451612903225797,1.9,False
67,0.01999999999998181,-0.10471204188481675,1.9,False
68,0.0,-0.11956521739130435,1.9,False
69,0.01999999999998181,-0.09468599033816436,1.9,False
70,0.0,-0.12727272727272732,1.9,False
71,0.0,-0.11525423728813551,1.9,False
72,0.009999999999763531,-0.11764705882352938,1.9,False
73,0.010000000000218279,-0.10638297872340402,1.9,False
74,0.009999999999763531,-0.10937499999999982,1.9,False
75,0.010000000000218279,-0.10818181818181798,1.9,False
76,0.0,-0.10999999999999982,1.9,False
77,0.010000000000218279,-0.111392405063291,1.9,False
78,0.009999999999763531,-0.10497237569060766,1.9,False
79,0.010000000000218279,-0.11058823529411749,1.9,False
80,0.009999999999763531,-0.10545454545454523,1.9,False
81,0.010000000000218279,-0.0803571428571428,1.9,False
82,0.0,-0.08791208791208774,1.9,False
83,0.009999999999763531,-0.11730769230769227,1.9,False
84,0.0,-0.1104651162790696,1.9,False
85,0.010000000000218279,-0.10803571428571408,1.9,False
86,0.009999999999763531,-0.11874999999999998,1.9,False
87,0.0,-0.12727272727272732,1.9,False
88,0.0,-0.11578947368421046,1.9,False
89,0.01999999999998181,-0.1055555555555553,1.9,False
90,0.010000000000218279,-0.10803571428571408,1.9,False
91,0.009999999999763531,-0.11343283582089542,1.9,False
92,0.010000000000218279,-0.07659574468085105,1.9,False
93,0.0,-0.11799999999999997,1.9,False
94,0.0,-0.12250000000000005,1.9,False
95,0.01999999999998181,-0.1061643835616436,1.9,False
96,0.03000000000020009,-0.09481132075471713,1.9,False
97,0.0,-0.12903225806451618,1.9,False
98,0.010000000000218279,-0.11199999999999986,1.9,False
99,0.01999999999998181,-0.10526315789473667,1.9,False
100,0.01999999999998181,-0.10918367346938757,1.9,False
101,0.01999999999998181,-0.10376569037656933,1.9,False
102,0.0,-0.13600000000000004,1.9,False
103,0.03999999999996362,-0.10000000000000088,1.9,False
104,0.01999999999998181,-0.09320987654320963,1.9,False
105,0.0,-0.10882352941176451,1.9,False
106,0.03000000000020009,-0.10322580645161335,1.9,False
107,0.009999999999763531,-0.10360000000000033,1.9,False
108,0.01999999999998181,-0.0929487179487177,1.9,False
109,0.010000000000218279,-0.09271523178807922,1.9,False
110,0.0,-0.11168831168831155,1.9,False
111,0.009999999999763531,-0.1089999999999998,1.9,False
112,0.010000000000218279,-0.10381355932203416,1.9,False
113,0.0,-0.11730769230769227,1.9,False
114,0.010000000000218279,-0.1050561797752808,1.9,False
115,0.0,-0.13600000000000004,1.9,False
116,0.0,-0.07999999999999995,1.9,False
117,0.0,-0.12045454545454547,1.9,False
118,0.010000000000218279,-0.12000000000000001,1.9,False
119,0.0,-0.10873786407766971,1.9,False
120,0.01999999999998181,-0.10379746835443066,1.9,False
121,0.009999999999763531,-0.1062068965517239,1.9,False
122,0.010000000000218279,-0.11956521739130435,1.9,False
123,0.0,-0.03888888888888891,1.909,False
124,0.0,-0.12903225806451618,1.909,False
125,0.01999999999998181,-0.09521739130434807,1.909,False
126,0.010000000000218279,-0.10769230769230748,1.909,False
127,0.01999999999998181,-0.10283018867924586,1.9355005,False
128,0.009999999999763531,-0.0906779661016947,1.9355005,False
129,0.01999999999998181,-0.10441176470588244,1.9355005,False
130,0.010000000000218279,-0.10666666666666644,1.9355005,False
131,0.0,-0.11764705882352938,1.9355005,False
132,0.009999999999763531,-0.10538922155688603,1.9355005,False
133,0.01999999999998181,-0.09364161849710968,1.9355005,False
134,0.010000000000218279,-0.10647482014388465,1.9355005,False
135,0.009999999999763531,-0.10445544554455453,1.9355005,False
136,0.03000000000020009,-0.10220048899755577,1.9355005,False
137,0.02999999999974534,-0.10229591836734767,1.9355005,False
138,0.010000000000218279,-0.09441624365482237,1.9355005,False
139,0.009999999999763531,-0.09043478260869543,1.9355005,False
140,0.04000000000041837,-0.10000000000000088,1.9355005,False
141,0.009999999999763531,-0.10396475770925133,1.9355005,False
142,0.03999999999996362,-0.10000000000000088,1.9355005,False
143,0.01999999999998181,-0.10420560747663567,1.9355005,False
144,0.010000000000218279,-0.1072580645161288,1.9355005,False
145,0.03999999999996362,-0.10000000000000088,1.9355005,False
146,0.03999999999996362,-0.10000000000000088,1.9355005,False
147,0.0,-0.12093023255813956,1.9355005,False
148,0.02999999999974534,-0.10000000000000088,1.9355005,False
149,0.01999999999998181,-0.10227272727272801,1.9355005,False
150,0.04000000000041837,-0.10000000000000088,1.9355005,False
151,0.02999999999974534,-0.10000000000000088,1.9355005,False
152,0.02999999999974534,-0.10000000000000088,1.9355005,False
153,0.010000000000218279,-0.10882352941176451,1.9355005,False
154,0.009999999999763531,-0.10520231213872817,1.9355005,False
155,0.03999999999996362,-0.10181086519114775,1.9355005,False
156,0.03999999999996362,-0.10000000000000088,1.9355005,False
157,0.01999999999998181,-0.10351562500000036,1.9355005,False
158,0.04000000000041837,-0.10000000000000088,1.9355005,False
159,0.02999999999974534,-0.10000000000000088,1.9355005,False
160,0.01999999999998181,-0.10497237569060766,1.9355005,False
161,0.03000000000020009,-0.10000000000000088,1.9355005,False
162,0.03999999999996362,-0.10000000000000088,1.9355005,False
163,0.02999999999974534,-0.10000000000000088,1.9355005,False
164,0.03999999999996362,-0.1018947368421061,1.9355005,False
165,0.010000000000218279,-0.10789473684210506,1.9355005,False
166,0.009999999999763531,-0.10511363636363624,1.9355005,False
167,0.04000000000041837,-0.10000000000000088,1.9355005,False
168,0.01999999999998181,-0.10272727272727332,1.9355005,False
169,0.03999999999996362,-0.10000000000000088,1.9355005,False
170,0.03999999999996362,-0.10000000000000088,1.9355005,False
171,0.0,-0.10989010989010971,1.9355005,False
172,0.01999999999998181,-0.10337078651685434,1.9355005,False
173,0.0,-0.10927835051546374,1.9355005,False
174,0.01999999999998181,-0.10322580645161335,1.9355005,False
175,0.03000000000020009,-0.10200892857142939,1.9355005,False
176,0.03999999999996362,-0.10000000000000088,1.9355005,False
177,0.03999999999996362,-0.10000000000000088,1.9355005,False
178,0.03000000000020009,-0.10000000000000088,1.9355005,False
179,0.04999999999972715,-0.10000000000000088,1.9355005,False
180,0.010000000000218279,-0.12432432432432436,1.9355005,False
181,0.02999999999974534,-0.10000000000000088,1.9355005,False
182,0.0500000000001819,-0.10000000000000088,1.9355005,False
183,0.03999999999996362,-0.10000000000000088,1.9355005,False
184,0.03000000000020009,-0.10000000000000088,1.9355005,False
185,0.03999999999996362,-0.10000000000000088,1.9355005,False
186,0.03999999999996362,-0.10000000000000088,1.9355005,False
187,0.02999999999974534,-0.10000000000000088,1.9355005,False
188,0.03999999999996362,-0.10000000000000088,1.9355005,False
189,0.03999999999996362,-0.10000000000000088,1.9355005,False
190,0.03999999999996362,-0.10000000000000088,1.9355005,False
191,0.03000000000020009,-0.10000000000000088,1.9355005,False
192,0.03000000000020009,-0.10253521126760629,1.9355005,False
193,0.03999999999996362,-0.10000000000000088,1.9355005,False
194,0.0,-0.12812500000000004,1.9355005,False
195,0.03999999999996362,-0.10000000000000088,1.9355005,False
196,0.03999999999996362,-0.10000000000000088,1.9355005,False
197,0.02999999999974534,-0.10000000000000088,1.9355005,False
198,0.03999999999996362,-0.10000000000000088,1.9355005,False
199,0.0,-0.11578947368421046,1.9355005,False
200,0.04000000000041837,-0.10000000000000088,1.9355005,False
201,0.03999999999996362,-0.10000000000000088,1.9355005,False
202,0.03999999999996362,-0.10000000000000088,1.9355005,False
203,0.02999999999974534,-0.10000000000000088,1.9355005,False
204,0.02999999999974534,-0.10000000000000088,1.9355005,False
205,0.03999999999996362,-0.10000000000000088,1.9355005,False
206,0.04000000000041837,-0.10000000000000088,1.9355005,False
207,0.01999999999998181,-0.10289389067524171,1.9355005,False
208,0.03999999999996362,-0.10000000000000088,1.9355005,False
209,0.03999999999996362,-0.10000000000000088,1.9355005,False
210,0.03999999999996362,-0.10000000000000088,1.9355005,False
211,0.02999999999974534,-0.10000000000000088,1.9355005,False
212,0.03000000000020009,-0.10000000000000088,1.9355005,False
213,0.03999999999996362,-0.10000000000000088,1.9355005,False
214,0.03999999999996362,-0.10000000000000088,1.9355005,False
215,0.01999999999998181,-0.10300000000000052,1.9355005,False
216,0.03999999999996362,-0.10000000000000088,1.9355005,False
217,0.03999999999996362,-0.10000000000000088,1.9355005,False
218,0.03999999999996362,-0.10000000000000088,1.9355005,False
219,0.03000000000020009,-0.10000000000000088,1.9355005,False
220,0.03999999999996362,-0.10000000000000088,1.9355005,False
221,0.03999999999996362,-0.10000000000000088,1.9355005,False
222,0.03999999999996362,-0.10000000000000088,1.9355005,False
223,0.03000000000020009,-0.10000000000000088,1.9355005,False
224,0.03999999999996362,-0.10000000000000088,1.9355005,False
225,0.02999999999974534,-0.10000000000000088,1.9355005,False
226,0.03999999999996362,-0.10000000000000088,1.9355005,False
227,0.04000000000041837,-0.10000000000000088,1.9355005,False
228,0.03999999999996362,-0.10000000000000088,1.9355005,False
229,0.02999999999974534,-0.10000000000000088,1.9355005,False
230,0.03999999999996362,-0.10000000000000088,1.9355005,False
231,0.03999999999996362,-0.10000000000000088,1.9355005,False
232,0.03000000000020009,-0.10000000000000088,1.9355005,False
233,0.03999999999996362,-0.10000000000000088,1.9355005,False
234,0.03999999999996362,-0.10000000000000088,1.9355005,False
235,0.03999999999996362,-0.10000000000000088,1.9355005,False
236,0.03000000000020009,-0.10000000000000088,1.9355005,False
237,0.03999999999996362,-0.10000000000000088,1.9355005,False
238,0.03999999999996362,-0.10000000000000088,1.9355005,False
239,0.03999999999996362,-0.10000000000000088,1.9355005,False
240,0.03999999999996362,-0.10000000000000088,1.9355005,False
241,0.03000000000020009,-0.10000000000000088,1.9355005,False
242,0.03999999999996362,-0.10000000000000088,1.9355005,False
243,0.02999999999974534,-0.10000000000000088,1.9355005,False
244,0.03999999999996362,-0.10000000000000088,1.9355005,False
245,0.03999999999996362,-0.10000000000000088,1.9355005,False
246,0.03999999999996362,-0.10000000000000088,1.9355005,False
247,0.04000000000041837,-0.10000000000000088,1.9355005,False
248,0.02999999999974534,-0.10000000000000088,1.9355005,False
249,0.03999999999996362,-0.10000000000000088,1.9355005,False
250,0.03999999999996362,-0.10000000000000088,1.9355005,False
251,0.03000000000020009,-0.10000000000000088,1.9355005,False
252,0.03999999999996362,-0.10000000000000088,1.9355005,False
253,0.03999999999996362,-0.10000000000000088,1.9355005,False
254,0.03999999999996362,-0.10000000000000088,1.9355005,False
255,0.03999999999996362,-0.10000000000000088,1.9355005,False
256,0.03000000000020009,-0.10000000000000088,1.9355005,False
257,0.03999999999996362,-0.10000000000000088,1.9355005,False
258,0.02999999999974534,-0.10000000000000088,1.9355005,False
259,0.03999999999996362,-0.10000000000000088,1.9355005,False
260,0.03999999999996362,-0.10000000000000088,1.9355005,False
261,0.03000000000020009,-0.10000000000000088,1.9355005,False
262,0.0500000000001819,-0.10000000000000088,1.9355005,False
263,0.02999999999974534,-0.10000000000000088,1.9355005,False
264,0.03999999999996362,-0.10000000000000088,1.9355005,False
265,0.03999999999996362,-0.10000000000000088,1.9355005,False
266,0.03999999999996362,-0.10000000000000088,1.9355005,False
267,0.03000000000020009,-0.10000000000000088,1.9355005,False
268,0.03999999999996362,-0.10000000000000088,1.9355005,False
269,0.03999999999996362,-0.10000000000000088,1.9355005,False
270,0.03000000000020009,-0.10000000000000088,1.9355005,False
271,0.04999999999972715,-0.10000000000000088,1.9355005,False
272,0.03000000000020009,-0.10000000000000088,1.9355005,False
273,0.03999999999996362,-0.10000000000000088,1.9355005,False
274,0.03999999999996362,-0.10000000000000088,1.9355005,False
275,0.03999999999996362,-0.10000000000000088,1.9355005,False
276,0.03000000000020009,-0.10000000000000088,1.9355005,False
277,0.03999999999996362,-0.10000000000000088,1.9355005,False
278,0.04999999999972715,-0.10000000000000088,1.9355005,False
279,0.03000000000020009,-0.10000000000000088,1.9355005,False
280,0.03999999999996362,-0.10000000000000088,1.9355005,False
281,0.03000000000020009,-0.10000000000000088,1.9355005,False
282,0.04999999999972715,-0.10000000000000088,1.9355005,False
283,0.03000000000020009,-0.10000000000000088,1.9355005,False
284,0.03999999999996362,-0.10000000000000088,1.9355005,False
285,0.03999999999996362,-0.10000000000000088,1.9355005,False
286,0.02999999999974534,-0.10000000000000088,1.9355005,False
287,0.03000000000020009,-0.10000000000000088,1.9355005,False
288,0.03999999999996362,-0.10000000000000088,1.9355005,False
289,0.02999999999974534,-0.10000000000000088,1.9355005,False
290,0.03999999999996362,-0.10000000000000088,1.9355005,False
291,0.03999999999996362,-0.10000000000000088,1.9355005,False
292,0.03999999999996362,-0.10000000000000088,1.9355005,False
293,0.03000000000020009,-0.10000000000000088,1.9355005,False
294,0.03999999999996362,-0.10000000000000088,1.9355005,False
295,0.03999999999996362,-0.10000000000000088,1.9355005,False
296,0.03000000000020009,-0.10000000000000088,1.9355005,False
297,0.03999999999996362,-0.10000000000000088,1.9355005,False
298,0.02999999999974534,-0.10000000000000088,1.9355005,False
299,0.02999999999974534,-0.10000000000000088,1.9355005,False
300,0.0500000000001819,-0.10000000000000088,1.9355005,False
301,0.03000000000020009,-0.10000000000000088,1.9355005,False
302,0.03999999999996362,-0.10000000000000088,1.9355005,False
303,0.02999999999974534,-0.10000000000000088,1.9355005,False
304,0.03999999999996362,-0.10000000000000088,1.9355005,False
305,0.03999999999996362,-0.10000000000000088,1.9355005,False
306,0.03999999999996362,-0.10000000000000088,1.9355005,False
307,0.04000000000041837,-0.10000000000000088,1.9355005,False
308,0.03999999999996362,-0.10000000000000088,1.9355005,False
309,0.03999999999996362,-0.10000000000000088,1.9355005,False
310,0.02999999999974534,-0.10000000000000088,1.9355005,False
311,0.03999999999996362,-0.10000000000000088,1.9355005,False
312,0.03999999999996362,-0.10000000000000088,1.9355005,False
313,0.03000000000020009,-0.10000000000000088,1.9355005,False
314,0.03999999999996362,-0.10000000000000088,1.9355005,False
315,0.03999999999996362,-0.10000000000000088,1.9355005,False
316,0.03000000000020009,-0.10000000000000088,1.9355005,False
317,0.03999999999996362,-0.10000000000000088,1.9355005,False
318,0.03999999999996362,-0.10000000000000088,1.9355005,False
319,0.03999999999996362,-0.10000000000000088,1.9355005,False
320,0.02999999999974534,-0.10000000000000088,1.9355005,False
321,0.04000000000041837,-0.10000000000000088,1.9355005,False
322,0.03999999999996362,-0.10000000000000088,1.9355005,False
323,0.02999999999974534,-0.10000000000000088,1.9355005,False
324,0.02999999999974534,-0.10000000000000088,1.9355005,False
325,0.03999999999996362,-0.10000000000000088,1.9355005,False
326,0.03999999999996362,-0.10000000000000088,1.9355005,False
327,0.03000000000020009,-0.10000000000000088,1.9355005,False
328,0.03999999999996362,-0.10000000000000088,1.9355005,False
329,0.03999999999996362,-0.10000000000000088,1.9355005,False
330,0.03999999999996362,-0.10000000000000088,1.9355005,False
331,0.03000000000020009,-0.10000000000000088,1.9355005,False
332,0.03999999999996362,-0.10000000000000088,1.9355005,False
333,0.03999999999996362,-0.10000000000000088,1.9355005,False
334,0.03999999999996362,-0.10000000000000088,1.9355005,False
335,0.03999999999996362,-0.10000000000000088,1.9355005,False
336,0.03999999999996362,-0.10000000000000088,1.9355005,False
337,0.03000000000020009,-0.10000000000000088,1.9355005,False
338,0.03999999999996362,-0.10000000000000088,1.9355005,False
339,0.03999999999996362,-0.10000000000000088,1.9355005,False
340,0.02999999999974534,-0.10000000000000088,1.9355005,False
341,0.04000000000041837,-0.10000000000000088,1.9355005,False
342,0.03999999999996362,-0.10000000000000088,1.9355005,False
343,0.03999999999996362,-0.10000000000000088,1.9355005,False
344,0.02999999999974534,-0.10000000000000088,1.9355005,False
345,0.03999999999996362,-0.10000000000000088,1.9355005,False
346,0.03999999999996362,-0.10000000000000088,1.9355005,False
347,0.04000000000041837,-0.10000000000000088,1.9355005,False
348,0.02999999999974534,-0.10000000000000088,1.9355005,False
349,0.03999999999996362,-0.10000000000000088,1.9355005,False
350,0.03999999999996362,-0.10000000000000088,1.9355005,False
351,0.03999999999996362,-0.10000000000000088,1.9355005,False
352,0.03000000000020009,-0.10000000000000088,1.9355005,False
353,0.03999999999996362,-0.10000000000000088,1.9355005,False
354,0.03000000000020009,-0.10000000000000088,1.9355005,False
355,0.04999999999972715,-0.10000000000000088,1.9355005,False
356,0.03999999999996362,-0.10000000000000088,1.9355005,False
357,0.05999999999994543,-0.10000000000000088,1.9355005,False
358,0.03999999999996362,-0.10000000000000088,1.9355005,False
359,0.02999999999974534,-0.10000000000000088,1.9355005,False
360,0.04000000000041837,-0.10000000000000088,1.9355005,False
361,0.03999999999996362,-0.10000000000000088,1.9355005,False
362,0.02999999999974534,-0.10000000000000088,1.9355005,False
363,0.03999999999996362,-0.10000000000000088,1.9355005,False
364,0.03000000000020009,-0.10000000000000088,1.9355005,False
365,0.03999999999996362,-0.10000000000000088,1.9355005,False
366,0.02999999999974534,-0.10000000000000088,1.9355005,False
367,0.04000000000041837,-0.10000000000000088,1.9355005,False
368,0.03999999999996362,-0.10000000000000088,1.9355005,False
369,0.03999999999996362,-0.10000000000000088,1.9355005,False
370,0.02999999999974534,-0.10000000000000088,1.9355005,False
371,0.03999999999996362,-0.10000000000000088,1.9355005,False
372,0.03999999999996362,-0.10000000000000088,1.9355005,False
373,0.04000000000041837,-0.10000000000000088,1.9355005,False
374,0.02999999999974534,-0.10000000000000088,1.9355005,False
375,0.03999999999996362,-0.10000000000000088,1.9355005,False
376,0.03999999999996362,-0.10000000000000088,1.9355005,False
377,0.03999999999996362,-0.10000000000000088,1.9355005,False
378,0.03999999999996362,-0.10000000000000088,1.9355005,False
379,0.03000000000020009,-0.10000000000000088,1.9355005,False
380,0.03999999999996362,-0.10000000000000088,1.9355005,False
381,0.03999999999996362,-0.10000000000000088,1.9355005,False
382,0.03999999999996362,-0.10000000000000088,1.9355005,False
383,0.07000000000016371,-0.10000000000000088,1.9355005,False
384,0.07999999999992724,-0.10000000000000088,1.9355005,False
385,0.07999999999992724,-0.10000000000000088,1.9355005,False
386,0.07999999999992724,-0.10000000000000088,1.9355005,False
387,0.0500000000001819,-0.10000000000000088,1.9355005,False
388,0.03999999999996362,-0.10000000000000088,1.9355005,False
389,0.03999999999996362,-0.10000000000000088,1.9355005,False
390,0.03999999999996362,-0.10000000000000088,1.9355005,False
391,0.03000000000020009,-0.10000000000000088,1.9355005,False
392,0.03000000000020009,-0.10000000000000088,1.9355005,False
393,0.03999999999996362,-0.10000000000000088,1.9355005,False
394,0.03999999999996362,-0.10000000000000088,1.9355005,False
395,0.03999999999996362,-0.10000000000000088,1.9355005,False
396,0.03000000000020009,-0.10000000000000088,1.9355005,False
397,0.04999999999972715,-0.10000000000000088,1.9355005,False
398,0.07000000000016371,-0.10000000000000088,1.9355005,False
399,0.07999999999992724,-0.10000000000000088,1.9355005,False
400,0.07999999999992724,-0.10000000000000088,1.9355005,False
401,0.07000000000016371,-0.10000000000000088,1.9355005,False
402,0.07999999999992724,-0.10000000000000088,1.9355005,False
403,0.07999999999992724,-0.10000000000000088,1.9355005,False
404,0.07000000000016371,-0.10000000000000088,1.9355005,False
405,0.03999999999996362,-0.10000000000000088,1.9355005,False
406,0.03999999999996362,-0.10000000000000088,1.9355005,False
407,0.03999999999996362,-0.10000000000000088,1.9355005,False
408,0.03999999999996362,-0.10000000000000088,1.9355005,False
409,0.03000000000020009,-0.10000000000000088,1.9355005,False
410,0.03999999999996362,-0.10000000000000088,1.9355005,False
411,0.04999999999972715,-0.10000000000000088,1.9355005,False
412,0.07999999999992724,-0.10000000000000088,1.9355005,False
413,0.08000000000038199,-0.10000000000000088,1.9355005,False
414,0.06999999999970896,-0.10000000000000088,1.9355005,False
415,0.07999999999992724,-0.10000000000000088,1.9355005,False
416,0.08000000000038199,-0.10000000000000088,1.9355005,False
417,0.05999999999994543,-0.10000000000000088,1.9355005,False
418,0.06999999999970896,-0.10000000000000088,1.9355005,False
419,0.05999999999994543,-0.10000000000000088,1.9355005,False
420,0.06000000000040018,-0.10000000000000088,1.9355005,False
421,0.06999999999970896,-0.10000000000000088,1.9355005,False
422,0.0500000000001819,-0.10000000000000088,1.9355005,False
423,0.03999999999996362,-0.10000000000000088,1.9355005,False
424,0.03999999999996362,-0.10000000000000088,1.9355005,False
425,0.03999999999996362,-0.10000000000000088,1.9355005,False
426,0.03999999999996362,-0.10000000000000088,1.9355005,False
427,0.03000000000020009,-0.10000000000000088,1.9355005,False
428,0.03000000000020009,-0.10000000000000088,1.9355005,False
429,0.03999999999996362,-0.10000000000000088,1.9355005,False
430,0.03999999999996362,-0.10000000000000088,1.9355005,False
431,0.03999999999996362,-0.10000000000000088,1.9355005,False
432,0.03999999999996362,-0.10000000000000088,1.9355005,False
433,0.03999999999996362,-0.10000000000000088,1.9355005,False
434,0.03999999999996362,-0.10000000000000088,1.9355005,False
435,0.03999999999996362,-0.10000000000000088,1.9355005,False
436,0.02999999999974534,-0.10000000000000088,1.9355005,False
437,0.04000000000041837,-0.10000000000000088,1.9355005,False
438,0.03999999999996362,-0.10000000000000088,1.9355005,False
439,0.03999999999996362,-0.10000000000000088,1.9355005,False
440,0.03999999999996362,-0.10000000000000088,1.9355005,False
441,0.03999999999996362,-0.10000000000000088,1.9355005,False
442,0.03999999999996362,-0.10000000000000088,1.9355005,False
443,0.03999999999996362,-0.10000000000000088,1.9355005,False
444,0.03999999999996362,-0.10000000000000088,1.9355005,False
445,0.03999999999996362,-0.10000000000000088,1.9355005,False
446,0.03999999999996362,-0.10000000000000088,1.9355005,False
447,0.03000000000020009,-0.10000000000000088,1.9355005,False
448,0.04999999999972715,-0.10000000000000088,1.9355005,False
449,0.03999999999996362,-0.10000000000000088,1.9355005,False
450,0.04000000000041837,-0.10000000000000088,1.9355005,False
451,0.02999999999974534,-0.10000000000000088,1.9355005,False
452,0.03999999999996362,-0.10000000000000088,1.9355005,False
453,0.03999999999996362,-0.10000000000000088,1.9355005,False
454,0.03999999999996362,-0.10000000000000088,1.9355005,False
455,0.03999999999996362,-0.10000000000000088,1.9355005,False
456,0.04000000000041837,-0.10000000000000088,1.9355005,False
457,0.03999999999996362,-0.10000000000000088,1.9355005,False
458,0.04999999999972715,-0.10000000000000088,1.9355005,False
459,0.07000000000016371,-0.10000000000000088,1.9355005,False
460,0.04999999999972715,-0.10000000000000088,1.9355005,False
461,0.04000000000041837,-0.10000000000000088,1.9355005,False
462,0.03999999999996362,-0.10000000000000088,1.9355005,False
463,0.04999999999972715,-0.10000000000000088,1.9355005,False
464,0.07000000000016371,-0.10000000000000088,1.9355005,False
465,0.03999999999996362,-0.10000000000000088,1.9355005,False
466,0.05999999999994543,-0.10000000000000088,1.9355005,False
467,0.03000000000020009,-0.10000000000000088,1.9355005,False
468,0.05999999999994543,-0.10000000000000088,1.9355005,False
469,0.03999999999996362,-0.10000000000000088,1.9355005,False
470,0.03999999999996362,-0.10000000000000088,1.9355005,False
471,0.03999999999996362,-0.10000000000000088,1.9355005,False
472,0.03000000000020009,-0.10000000000000088,1.9355005,False
473,0.03999999999996362,-0.10000000000000088,1.9355005,False
474,0.03999999999996362,-0.10000000000000088,1.9355005,False
475,0.03999999999996362,-0.10000000000000088,1.9355005,False
476,0.03999999999996362,-0.10000000000000088,1.9355005,False
477,0.02999999999974534,-0.10000000000000088,1.9355005,False
478,0.03999999999996362,-0.10000000000000088,1.9355005,False
479,0.04000000000041837,-0.10000000000000088,1.9355005,False
480,0.02999999999974534,-0.10000000000000088,1.9355005,False
481,0.03999999999996362,-0.10000000000000088,1.9355005,False
482,0.03999999999996362,-0.10000000000000088,1.9355005,False
483,0.03000000000020009,-0.10000000000000088,1.9355005,False
484,0.03999999999996362,-0.10000000000000088,1.9355005,False
485,0.03999999999996362,-0.10000000000000088,1.9355005,False
486,0.03000000000020009,-0.10000000000000088,1.9355005,False
487,0.03999999999996362,-0.10000000000000088,1.9355005,False
488,0.03999999999996362,-0.10000000000000088,1.9355005,False
489,0.02999999999974534,-0.10000000000000088,1.9355005,False
490,0.03999999999996362,-0.10000000000000088,1.9355005,False
491,0.03999999999996362,-0.10000000000000088,1.9355005,False
492,0.03000000000020009,-0.10000000000000088,1.9355005,False
493,0.03999999999996362,-0.10000000000000088,1.9355005,False
494,0.03999999999996362,-0.10000000000000088,1.9355005,False
495,0.03999999999996362,-0.10000000000000088,1.9355005,False
496,0.03000000000020009,-0.10000000000000088,1.9355005,False
497,0.03999999999996362,-0.10000000000000088,1.9355005,False
498,0.03999999999996362,-0.10000000000000088,1.9355005,False
499,0.03000000000020009,-0.10000000000000088,1.9355005,False
500,0.04999999999972715,-0.10000000000000088,1.9355005,False
501,0.03000000000020009,-0.10000000000000088,1.9355005,False
502,0.03999999999996362,-0.10000000000000088,1.9355005,False
503,0.03999999999996362,-0.10000000000000088,1.9355005,False
504,0.03999999999996362,-0.10000000000000088,1.9355005,False
505,0.02999999999974534,-0.10000000000000088,1.9355005,False
506,0.04000000000041837,-0.10000000000000088,1.9355005,False
507,0.03999999999996362,-0.10000000000000088,1.9355005,False
508,0.02999999999974534,-0.10000000000000088,1.9355005,False
509,0.03999999999996362,-0.10000000000000088,1.9355005,False
510,0.03000000000020009,-0.10000000000000088,1.9355005,False
511,0.03999999999996362,-0.10000000000000088,1.9355005,False
512,0.03999999999996362,-0.10000000000000088,1.9355005,False
513,0.03999999999996362,-0.10000000000000088,1.9355005,False
514,0.03000000000020009,-0.10000000000000088,1.9355005,False
515,0.03999999999996362,-0.10000000000000088,1.9355005,False
516,0.03999999999996362,-0.10000000000000088,1.9355005,False
517,0.02999999999974534,-0.10000000000000088,1.9355005,False
518,0.0500000000001819,-0.10000000000000088,1.9355005,False
519,0.03000000000020009,-0.10000000000000088,1.9355005,False
520,0.03999999999996362,-0.10000000000000088,1.9355005,False
521,0.02999999999974534,-0.10000000000000088,1.9355005,False
522,0.02999999999974534,-0.10000000000000088,1.9355005,False
523,0.03999999999996362,-0.10000000000000088,1.9355005,False
524,0.02999999999974534,-0.10000000000000088,1.9355005,False
525,0.03999999999996362,-0.10000000000000088,1.9355005,False
526,0.03000000000020009,-0.10000000000000088,1.9355005,False
527,0.02999999999974534,-0.10000000000000088,1.9355005,False
528,0.03999999999996362,-0.10000000000000088,1.9355005,False
529,0.03999999999996362,-0.10000000000000088,1.9355005,False
530,0.03000000000020009,-0.10000000000000088,1.9355005,False
531,0.03999999999996362,-0.10000000000000088,1.9355005,False
532,0.03999999999996362,-0.10000000000000088,1.9355005,False
533,0.03999999999996362,-0.10000000000000088,1.9355005,False
534,0.03000000000020009,-0.10000000000000088,1.9355005,False
535,0.03999999999996362,-0.10000000000000088,1.9355005,False
536,0.02999999999974534,-0.10000000000000088,1.9355005,False
537,0.03999999999996362,-0.10000000000000088,1.9355005,False
538,0.03999999999996362,-0.10000000000000088,1.9355005,False
539,0.04000000000041837,-0.10000000000000088,1.9355005,False
540,0.03999999999996362,-0.10000000000000088,1.9355005,False
541,0.02999999999974534,-0.10000000000000088,1.9355005,False
542,0.02999999999974534,-0.10000000000000088,1.9355005,False
543,0.03999999999996362,-0.10000000000000088,1.9355005,False
544,0.03999999999996362,-0.10000000000000088,1.9355005,False
545,0.03000000000020009,-0.10000000000000088,1.9355005,False
546,0.03999999999996362,-0.10000000000000088,1.9355005,False
547,0.03000000000020009,-0.10000000000000088,1.9355005,False
548,0.03999999999996362,-0.10000000000000088,1.9355005,False
549,0.03999999999996362,-0.10000000000000088,1.9355005,False
550,0.03999999999996362,-0.10000000000000088,1.9355005,False
551,0.03999999999996362,-0.10000000000000088,1.9355005,False
552,0.03999999999996362,-0.10000000000000088,1.9355005,False
553,0.03999999999996362,-0.10000000000000088,1.9355005,False
554,0.05999999999994543,-0.10000000000000088,1.9355005,False
555,0.03999999999996362,-0.10000000000000088,1.9355005,False
556,0.03000000000020009,-0.10000000000000088,1.9355005,False
557,0.03999999999996362,-0.10000000000000088,1.9355005,False
558,0.03999999999996362,-0.10000000000000088,1.9355005,False
559,0.03999999999996362,-0.10000000000000088,1.9355005,False
560,0.03000000000020009,-0.10000000000000088,1.9355005,False
561,0.03000000000020009,-0.10000000000000088,1.9355005,False
562,0.03999999999996362,-0.10000000000000088,1.9355005,False
563,0.02999999999974534,-0.10000000000000088,1.9355005,False
564,0.03999999999996362,-0.10000000000000088,1.9355005,False
565,0.04000000000041837,-0.10000000000000088,1.9355005,False
566,0.02999999999974534,-0.10000000000000088,1.9355005,False
567,0.03999999999996362,-0.10000000000000088,1.9355005,False
568,0.03999999999996362,-0.10000000000000088,1.9355005,False
569,0.03999999999996362,-0.10000000000000088,1.9355005,False
570,0.03000000000020009,-0.10000000000000088,1.9355005,False
571,0.04999999999972715,-0.10000000000000088,1.9355005,False
572,0.03000000000020009,-0.10000000000000088,1.9355005,False
573,0.03999999999996362,-0.10000000000000088,1.9355005,False
574,0.03999999999996362,-0.10000000000000088,1.9355005,False
575,0.03000000000020009,-0.10000000000000088,1.9355005,False
576,0.03999999999996362,-0.10000000000000088,1.9355005,False
577,0.03999999999996362,-0.10000000000000088,1.9355005,False
578,0.03999999999996362,-0.10000000000000088,1.9355005,False
579,0.03000000000020009,-0.10000000000000088,1.9355005,False
580,0.03999999999996362,-0.10000000000000088,1.9355005,False
581,0.03999999999996362,-0.10000000000000088,1.9355005,False
582,0.02999999999974534,-0.10000000000000088,1.9355005,False
583,0.03999999999996362,-0.10000000000000088,1.9355005,False
584,0.03999999999996362,-0.10000000000000088,1.9355005,False
585,0.04000000000041837,-0.10000000000000088,1.9355005,False
586,0.02999999999974534,-0.10000000000000088,1.9355005,False
587,0.03999999999996362,-0.10000000000000088,1.9355005,False
588,0.03999999999996362,-0.10000000000000088,1.9355005,False
589,0.03000000000020009,-0.10000000000000088,1.9355005,False
590,0.03999999999996362,-0.10000000000000088,1.9355005,False
591,0.02999999999974534,-0.10000000000000088,1.9355005,False
592,0.04000000000041837,-0.10000000000000088,1.9355005,False
593,0.03999999999996362,-0.10000000000000088,1.9355005,False
594,0.02999999999974534,-0.10000000000000088,1.9355005,False
595,0.03999999999996362,-0.10000000000000088,1.9355005,False
596,0.03999999999996362,-0.10000000000000088,1.9355005,False
597,0.03999999999996362,-0.10000000000000088,1.9355005,False
598,0.03999999999996362,-0.10000000000000088,1.9355005,False
599,0.03000000000020009,-0.10000000000000088,1.9355005,False
600,0.03999999999996362,-0.10000000000000088,1.9355005,False
601,0.03999999999996362,-0.10000000000000088,1.9355005,False
602,0.03000000000020009,-0.10000000000000088,1.9355005,False
603,0.03999999999996362,-0.10000000000000088,1.9355005,False
604,0.03999999999996362,-0.10000000000000088,1.9355005,False
605,0.02999999999974534,-0.10000000000000088,1.9355005,False
606,0.03000000000020009,-0.10000000000000088,1.9355005,False
607,0.03999999999996362,-0.10000000000000088,1.9355005,False
608,0.03999999999996362,-0.10000000000000088,1.9355005,False
609,0.02999999999974534,-0.10000000000000088,1.9355005,False
610,0.03999999999996362,-0.10000000000000088,1.9355005,False
611,0.03999999999996362,-0.10000000000000088,1.9355005,False
612,0.04000000000041837,-0.10000000000000088,1.9355005,False
613,0.03999999999996362,-0.10000000000000088,1.9355005,False
614,0.03999999999996362,-0.10000000000000088,1.9355005,False
615,0.02999999999974534,-0.10000000000000088,1.9355005,False
616,0.03999999999996362,-0.10000000000000088,1.9355005,False
617,0.03999999999996362,-0.10000000000000088,1.9355005,False
618,0.03999999999996362,-0.10000000000000088,1.9355005,False
619,0.03000000000020009,-0.10000000000000088,1.9355005,False
620,0.03999999999996362,-0.10000000000000088,1.9355005,False
621,0.03999999999996362,-0.10000000000000088,1.9355005,False
622,0.03000000000020009,-0.10000000000000088,1.9355005,False
623,0.03999999999996362,-0.10000000000000088,1.9355005,False
624,0.03999999999996362,-0.10000000000000088,1.9355005,False
625,0.03999999999996362,-0.10000000000000088,1.9355005,False
626,0.03000000000020009,-0.10000000000000088,1.9355005,False
627,0.03999999999996362,-0.10000000000000088,1.9355005,False
628,0.03999999999996362,-0.10000000000000088,1.9355005,False
629,0.02999999999974534,-0.10000000000000088,1.9355005,False
630,0.02999999999974534,-0.10000000000000088,1.9355005,False
631,0.03000000000020009,-0.10000000000000088,1.9355005,False
632,0.03000000000020009,-0.10000000000000088,1.9355005,False
633,0.03999999999996362,-0.10000000000000088,1.9355005,False
634,0.03999999999996362,-0.10000000000000088,1.9355005,False
635,0.03000000000020009,-0.10000000000000088,1.9355005,False
636,0.04999999999972715,-0.10000000000000088,1.9355005,False
637,0.03999999999996362,-0.10000000000000088,1.9355005,False
638,0.03000000000020009,-0.10000000000000088,1.9355005,False
639,0.03999999999996362,-0.10000000000000088,1.9355005,False
640,0.02999999999974534,-0.10000000000000088,1.9355005,False
641,0.03999999999996362,-0.10000000000000088,1.9355005,False
642,0.03999999999996362,-0.10000000000000088,1.9355005,False
643,0.03000000000020009,-0.10000000000000088,1.9355005,False
644,0.03999999999996362,-0.10000000000000088,1.9355005,False
645,0.04000000000041837,-0.10000000000000088,1.9355005,False
646,0.02999999999974534,-0.10000000000000088,1.9355005,False
647,0.03999999999996362,-0.10000000000000088,1.9355005,False
648,0.03000000000020009,-0.10000000000000088,1.9355005,False
649,0.03000000000020009,-0.10000000000000088,1.9355005,False
650,0.03999999999996362,-0.10000000000000088,1.9355005,False
651,0.02999999999974534,-0.10000000000000088,1.9355005,False
652,0.04000000000041837,-0.10000000000000088,1.9355005,False
653,0.03999999999996362,-0.10000000000000088,1.9355005,False
654,0.02999999999974534,-0.10000000000000088,1.9355005,False
655,0.03999999999996362,-0.10000000000000088,1.9355005,False
656,0.03999999999996362,-0.10000000000000088,1.9355005,False
657,0.03999999999996362,-0.10000000000000088,1.9355005,False
658,0.03000000000020009,-0.10000000000000088,1.9355005,False
659,0.03999999999996362,-0.10000000000000088,1.9355005,False
660,0.03999999999996362,-0.10000000000000088,1.9355005,False
661,0.03000000000020009,-0.10000000000000088,1.9355005,False
662,0.03000000000020009,-0.10000000000000088,1.9355005,False
663,0.03999999999996362,-0.10000000000000088,1.9355005,False
664,0.03999999999996362,-0.10000000000000088,1.9355005,False
665,0.03999999999996362,-0.10000000000000088,1.9355005,False
666,0.03999999999996362,-0.10000000000000088,1.9355005,False
667,0.03000000000020009,-0.10000000000000088,1.9355005,False
668,0.03999999999996362,-0.10000000000000088,1.9355005,False
669,0.03999999999996362,-0.10000000000000088,1.9355005,False
670,0.02999999999974534,-0.10000000000000088,1.9355005,False
671,0.02999999999974534,-0.10000000000000088,1.9355005,False
672,0.04000000000041837,-0.10000000000000088,1.9355005,False
673,0.02999999999974534,-0.10000000000000088,1.9355005,False
674,0.0500000000001819,-0.10000000000000088,1.9355005,False
675,0.02999999999974534,-0.10000000000000088,1.9355005,False
676,0.03999999999996362,-0.10000000000000088,1.9355005,False
677,0.03000000000020009,-0.10000000000000088,1.9355005,False
678,0.03999999999996362,-0.10000000000000088,1.9355005,False
679,0.03000000000020009,-0.10000000000000088,1.9355005,False
680,0.04999999999972715,-0.10000000000000088,1.9355005,False
681,0.03000000000020009,-0.10000000000000088,1.9355005,False
682,0.03999999999996362,-0.10000000000000088,1.9355005,False
683,0.03999999999996362,-0.10000000000000088,1.9355005,False
684,0.02999999999974534,-0.10000000000000088,1.9355005,False
685,0.03999999999996362,-0.10000000000000088,1.9355005,False
686,0.04000000000041837,-0.10000000000000088,1.9355005,False
687,0.02999999999974534,-0.10000000000000088,1.9355005,False
688,0.02999999999974534,-0.10000000000000088,1.9355005,False
689,0.03999999999996362,-0.10000000000000088,1.9355005,False
690,0.03000000000020009,-0.10000000000000088,1.9355005,False
691,0.03999999999996362,-0.10000000000000088,1.9355005,False
692,0.03999999999996362,-0.10000000000000088,1.9355005,False
693,0.03999999999996362,-0.10000000000000088,1.9355005,False
694,0.03999999999996362,-0.10000000000000088,1.9355005,False
695,0.03999999999996362,-0.10000000000000088,1.9355005,False
696,0.03000000000020009,-0.10000000000000088,1.9355005,False
697,0.03999999999996362,-0.10000000000000088,1.9355005,False
698,0.03999999999996362,-0.10000000000000088,1.9355005,False
699,0.03999999999996362,-0.10000000000000088,1.9355005,False
700,0.03000000000020009,-0.10000000000000088,1.9355005,False
701,0.03999999999996362,-0.10000000000000088,1.9355005,False
702,0.03999999999996362,-0.10000000000000088,1.9355005,False
703,0.02999999999974534,-0.10000000000000088,1.9355005,False
704,0.03999999999996362,-0.10000000000000088,1.9355005,False
705,0.03000000000020009,-0.10000000000000088,1.9355005,False
706,0.03999999999996362,-0.10000000000000088,1.9355005,False
707,0.03999999999996362,-0.10000000000000088,1.9355005,False
708,0.03999999999996362,-0.10000000000000088,1.9355005,False
709,0.03000000000020009,-0.10000000000000088,1.9355005,False
710,0.03999999999996362,-0.10000000000000088,1.9355005,False
711,0.02999999999974534,-0.10000000000000088,1.9355005,False
712,0.03999999999996362,-0.10000000000000088,1.9355005,False
713,0.04000000000041837,-0.10000000000000088,1.9355005,False
714,0.02999999999974534,-0.10000000000000088,1.9355005,False
715,0.03999999999996362,-0.10000000000000088,1.9355005,False
716,0.03999999999996362,-0.10000000000000088,1.9355005,False
717,0.03999999999996362,-0.10000000000000088,1.9355005,False
718,0.03999999999996362,-0.10000000000000088,1.9355005,False
719,0.04000000000041837,-0.10000000000000088,1.9355005,False
720,0.02999999999974534,-0.10000000000000088,1.9355005,False
721,0.03999999999996362,-0.10000000000000088,1.9355005,False
722,0.03999999999996362,-0.10000000000000088,1.9355005,False
723,0.03999999999996362,-0.10000000000000088,1.9355005,False
724,0.03000000000020009,-0.10000000000000088,1.9355005,False
725,0.03999999999996362,-0.10000000000000088,1.9355005,False
726,0.0500000000001819,-0.10000000000000088,1.9355005,False
727,0.02999999999974534,-0.10000000000000088,1.9355005,False
728,0.03999999999996362,-0.10000000000000088,1.9355005,False
729,0.03999999999996362,-0.10000000000000088,1.9355005,False
730,0.03999999999996362,-0.10000000000000088,1.9355005,False
731,0.03000000000020009,-0.10000000000000088,1.9355005,False
732,0.03999999999996362,-0.10000000000000088,1.9355005,False
733,0.03000000000020009,-0.10000000000000088,1.9355005,False
734,0.03999999999996362,-0.10000000000000088,1.9355005,False
735,0.03999999999996362,-0.10000000000000088,1.9355005,False
736,0.03999999999996362,-0.10000000000000088,1.9355005,False
737,0.02999999999974534,-0.10000000000000088,1.9355005,False
738,0.03999999999996362,-0.10000000000000088,1.9355005,False
739,0.04000000000041837,-0.10000000000000088,1.9355005,False
740,0.02999999999974534,-0.10000000000000088,1.9355005,False
741,0.0500000000001819,-0.10000000000000088,1.9355005,False
742,0.02999999999974534,-0.10000000000000088,1.9355005,False
743,0.03999999999996362,-0.10000000000000088,1.9355005,False
744,0.03999999999996362,-0.10000000000000088,1.9355005,False
745,0.03999999999996362,-0.10000000000000088,1.9355005,False
746,0.03000000000020009,-0.10000000000000088,1.9355005,False
747,0.03999999999996362,-0.10000000000000088,1.9355005,False
748,0.03000000000020009,-0.10000000000000088,1.9355005,False
749,0.04999999999972715,-0.10000000000000088,1.9355005,False
750,0.03000000000020009,-0.10000000000000088,1.9355005,False
751,0.03999999999996362,-0.10000000000000088,1.9355005,False
752,0.02999999999974534,-0.10000000000000088,1.9355005,False
753,0.03000000000020009,-0.10000000000000088,1.9355005,False
754,0.03999999999996362,-0.10000000000000088,1.9355005,False
755,0.03999999999996362,-0.10000000000000088,1.9355005,False
756,0.03999999999996362,-0.10000000000000088,1.9355005,False
757,0.02999999999974534,-0.10000000000000088,1.9355005,False
758,0.03999999999996362,-0.10000000000000088,1.9355005,False
759,0.04000000000041837,-0.10000000000000088,1.9355005,False
760,0.02999999999974534,-0.10000000000000088,1.9355005,False
761,0.03999999999996362,-0.10000000000000088,1.9355005,False
762,0.03999999999996362,-0.10000000000000088,1.9355005,False
763,0.03999999999996362,-0.10000000000000088,1.9355005,False
764,0.03999999999996362,-0.10000000000000088,1.9355005,False
765,0.03000000000020009,-0.10000000000000088,1.9355005,False
766,0.03999999999996362,-0.10000000000000088,1.9355005,False
767,0.03000000000020009,-0.10000000000000088,1.9355005,False
768,0.03999999999996362,-0.10000000000000088,1.9355005,False
769,0.03999999999996362,-0.10000000000000088,1.9355005,False
770,0.03999999999996362,-0.10000000000000088,1.9355005,False
771,0.03000000000020009,-0.10000000000000088,1.9355005,False
772,0.03999999999996362,-0.10000000000000088,1.9355005,False
773,0.03999999999996362,-0.10000000000000088,1.9355005,False
774,0.03000000000020009,-0.10000000000000088,1.9355005,False
775,0.03999999999996362,-0.10000000000000088,1.9355005,False
776,0.03999999999996362,-0.10000000000000088,1.9355005,False
777,0.03999999999996362,-0.10000000000000088,1.9355005,False
778,0.03999999999996362,-0.10000000000000088,1.9355005,False
779,0.03000000000020009,-0.10000000000000088,1.9355005,False
780,0.03999999999996362,-0.10000000000000088,1.9355005,False
781,0.03999999999996362,-0.10000000000000088,1.9355005,False
782,0.02999999999974534,-0.10000000000000088,1.9355005,False
783,0.03999999999996362,-0.10000000000000088,1.9355005,False
784,0.03999999999996362,-0.10000000000000088,1.9355005,False
785,0.03999999999996362,-0.10000000000000088,1.9355005,False
786,0.04000000000041837,-0.10000000000000088,1.9355005,False
787,0.02999999999974534,-0.10000000000000088,1.9355005,False
788,0.03999999999996362,-0.10000000000000088,1.9355005,False
789,0.03999999999996362,-0.10000000000000088,1.9355005,False
790,0.03999999999996362,-0.10000000000000088,1.9355005,False
791,0.03000000000020009,-0.10000000000000088,1.9355005,False
792,0.03999999999996362,-0.10000000000000088,1.9355005,False
793,0.03999999999996362,-0.10000000000000088,1.9355005,False
794,0.03000000000020009,-0.10000000000000088,1.9355005,False
795,0.03999999999996362,-0.10000000000000088,1.9355005,False
796,0.03999999999996362,-0.10000000000000088,1.9355005,False
797,0.03999999999996362,-0.10000000000000088,1.9355005,False
798,0.02999999999974534,-0.10000000000000088,1.9355005,False
799,0.04000000000041837,-0.10000000000000088,1.9355005,False
800,0.02999999999974534,-0.10000000000000088,1.9355005,False
801,0.0500000000001819,-0.10000000000000088,1.9355005,False
802,0.02999999999974534,-0.10000000000000088,1.9355005,False
803,0.03999999999996362,-0.10000000000000088,1.9355005,False
804,0.03000000000020009,-0.10000000000000088,1.9355005,False
805,0.03999999999996362,-0.10000000000000088,1.9355005,False
806,0.03000000000020009,-0.10000000000000088,1.9355005,False
807,0.03000000000020009,-0.10000000000000088,1.9355005,False
808,0.03999999999996362,-0.10000000000000088,1.9355005,False
809,0.04999999999972715,-0.10000000000000088,1.9355005,False
810,0.0500000000001819,-0.10000000000000088,1.9355005,False
811,0.04999999999972715,-0.10000000000000088,1.9355005,False
812,0.04000000000041837,-0.10000000000000088,1.9355005,False
813,0.03999999999996362,-0.10000000000000088,1.9355005,False
814,0.03999999999996362,-0.10000000000000088,1.9355005,False
815,0.03999999999996362,-0.10000000000000088,1.9355005,False
816,0.02999999999974534,-0.10000000000000088,1.9355005,False
817,0.03999999999996362,-0.10000000000000088,1.9355005,False
818,0.04000000000041837,-0.10000000000000088,1.9355005,False
819,0.02999999999974534,-0.10000000000000088,1.9355005,False
820,0.03999999999996362,-0.10000000000000088,1.9355005,False
821,0.03999999999996362,-0.10000000000000088,1.9355005,False
822,0.03999999999996362,-0.10000000000000088,1.9355005,False
823,0.03999999999996362,-0.10000000000000088,1.9355005,False
824,0.03000000000020009,-0.10000000000000088,1.9355005,False
825,0.03999999999996362,-0.10000000000000088,1.9355005,False
826,0.03999999999996362,-0.10000000000000088,1.9355005,False
827,0.03000000000020009,-0.10000000000000088,1.9355005,False
828,0.03999999999996362,-0.10000000000000088,1.9355005,False
829,0.03999999999996362,-0.10000000000000088,1.9355005,False
830,0.03999999999996362,-0.10000000000000088,1.9355005,False
831,0.02999999999974534,-0.10000000000000088,1.9355005,False
832,0.04000000000041837,-0.10000000000000088,1.9355005,False
833,0.03999999999996362,-0.10000000000000088,1.9355005,False
834,0.03999999999996362,-0.10000000000000088,1.9355005,False
835,0.02999999999974534,-0.10000000000000088,1.9355005,False
836,0.03999999999996362,-0.10000000000000088,1.9355005,False
837,0.03000000000020009,-0.10000000000000088,1.9355005,False
838,0.03999999999996362,-0.10000000000000088,1.9355005,False
839,0.03999999999996362,-0.10000000000000088,1.9355005,False
840,0.03999999999996362,-0.10000000000000088,1.9355005,False
841,0.03000000000020009,-0.10000000000000088,1.9355005,False
842,0.03999999999996362,-0.10000000000000088,1.9355005,False
843,0.03999999999996362,-0.10000000000000088,1.9355005,False
844,0.03999999999996362,-0.10000000000000088,1.9355005,False
845,0.03000000000020009,-0.10000000000000088,1.9355005,False
846,0.03999999999996362,-0.10000000000000088,1.9355005,False
847,0.03999999999996362,-0.10000000000000088,1.9355005,False
848,0.02999999999974534,-0.10000000000000088,1.9355005,False
849,0.02999999999974534,-0.10000000000000088,1.9355005,False
850,0.03999999999996362,-0.10000000000000088,1.9355005,False
851,0.03999999999996362,-0.10000000000000088,1.9355005,False
852,0.03000000000020009,-0.10000000000000088,1.9355005,False
853,0.03999999999996362,-0.10000000000000088,1.9355005,False
854,0.03999999999996362,-0.10000000000000088,1.9355005,False
855,0.03000000000020009,-0.10000000000000088,1.9355005,False
856,0.03000000000020009,-0.10000000000000088,1.9355005,False
857,0.03999999999996362,-0.10000000000000088,1.9355005,False
858,0.02999999999974534,-0.10000000000000088,1.9355005,False
859,0.0500000000001819,-0.10000000000000088,1.9355005,False
860,0.03000000000020009,-0.10000000000000088,1.9355005,False
861,0.03999999999996362,-0.10000000000000088,1.9355005,False
862,0.03999999999996362,-0.10000000000000088,1.9355005,False
863,0.02999999999974534,-0.10000000000000088,1.9355005,False
864,0.02999999999974534,-0.10000000000000088,1.9355005,False
865,0.04000000000041837,-0.10000000000000088,1.9355005,False
866,0.03999999999996362,-0.10000000000000088,1.9355005,False
867,0.02999999999974534,-0.10000000000000088,1.9355005,False
868,0.03999999999996362,-0.10000000000000088,1.9355005,False
869,0.03000000000020009,-0.10000000000000088,1.9355005,False
870,0.03999999999996362,-0.10000000000000088,1.9355005,False
871,0.03999999999996362,-0.10000000000000088,1.9355005,False
872,0.03000000000020009,-0.10000000000000088,1.9355005,False
873,0.03999999999996362,-0.10000000000000088,1.9355005,False
874,0.03999999999996362,-0.10000000000000088,1.9355005,False
875,0.02999999999974534,-0.10000000000000088,1.9355005,False
876,0.0500000000001819,-0.10000000000000088,1.9355005,False
877,0.02999999999974534,-0.10000000000000088,1.9355005,False
878,0.02999999999974534,-0.10000000000000088,1.9355005,False
879,0.04000000000041837,-0.10000000000000088,1.9355005,False
880,0.02999999999974534,-0.10000000000000088,1.9355005,False
881,0.03999999999996362,-0.10000000000000088,1.9355005,False
882,0.03999999999996362,-0.10000000000000088,1.9355005,False
883,0.03000000000020009,-0.10000000000000088,1.9355005,False
884,0.03999999999996362,-0.10000000000000088,1.9355005,False
885,0.03999999999996362,-0.10000000000000088,1.9355005,False
886,0.03999999999996362,-0.10000000000000088,1.9355005,False
887,0.03000000000020009,-0.10000000000000088,1.9355005,False
888,0.03999999999996362,-0.10000000000000088,1.9355005,False
889,0.03999999999996362,-0.10000000000000088,1.9355005,False
890,0.03999999999996362,-0.10000000000000088,1.9355005,False
891,0.02999999999974534,-0.10000000000000088,1.9355005,False
892,0.04000000000041837,-0.10000000000000088,1.9355005,False
893,0.03999999999996362,-0.10000000000000088,1.9355005,False
894,0.03999999999996362,-0.10000000000000088,1.9355005,False
895,0.04999999999972715,-0.10000000000000088,1.9355005,False
896,0.05999999999994543,-0.10000000000000088,1.9355005,False
897,0.03000000000020009,-0.10000000000000088,1.9355005,False
898,0.03999999999996362,-0.10000000000000088,1.9355005,False
899,0.03999999999996362,-0.10000000000000088,1.9355005,False
900,0.03000000000020009,-0.10000000000000088,1.9355005,False
901,0.03999999999996362,-0.10000000000000088,1.9355005,False
902,0.03999999999996362,-0.10000000000000088,1.9355005,False
903,0.02999999999974534,-0.10000000000000088,1.9355005,False
904,0.03999999999996362,-0.10000000000000088,1.9355005,False
905,0.04000000000041837,-0.10000000000000088,1.9355005,False
906,0.03000000000020009,-0.10000000000000088,1.9355005,False
907,0.03999999999996362,-0.10000000000000088,1.9355005,False
908,0.03999999999996362,-0.10000000000000088,1.9355005,False
909,0.02999999999974534,-0.10000000000000088,1.9355005,False
910,0.03999999999996362,-0.10000000000000088,1.9355005,False
911,0.03000000000020009,-0.10000000000000088,1.9355005,False
912,0.03999999999996362,-0.10000000000000088,1.9355005,False
913,0.03999999999996362,-0.10000000000000088,1.9355005,False
914,0.03000000000020009,-0.10000000000000088,1.9355005,False
915,0.03999999999996362,-0.10000000000000088,1.9355005,False
916,0.03999999999996362,-0.10000000000000088,1.9355005,False
917,0.03999999999996362,-0.10000000000000088,1.9355005,False
918,0.03000000000020009,-0.10000000000000088,1.9355005,False
919,0.03999999999996362,-0.10000000000000088,1.9355005,False
920,0.03999999999996362,-0.10000000000000088,1.9355005,False
921,0.03999999999996362,-0.10000000000000088,1.9355005,False
922,0.02999999999974534,-0.10000000000000088,1.9355005,False
923,0.03999999999996362,-0.10000000000000088,1.9355005,False
924,0.03999999999996362,-0.10000000000000088,1.9355005,False
925,0.03000000000020009,-0.10000000000000088,1.9355005,False
926,0.02999999999974534,-0.10000000000000088,1.9355005,False
927,0.03999999999996362,-0.10000000000000088,1.9355005,False
928,0.03999999999996362,-0.10000000000000088,1.9355005,False
929,0.03999999999996362,-0.10000000000000088,1.9355005,False
930,0.03999999999996362,-0.10000000000000088,1.9355005,False
931,0.03000000000020009,-0.10000000000000088,1.9355005,False
932,0.03999999999996362,-0.10000000000000088,1.9355005,False
933,0.03000000000020009,-0.10000000000000088,1.9355005,False
934,0.03999999999996362,-0.10000000000000088,1.9355005,False
935,0.03999999999996362,-0.10000000000000088,1.9355005,False
936,0.03999999999996362,-0.10000000000000088,1.9355005,False
937,0.02999999999974534,-0.10000000000000088,1.9355005,False
938,0.04000000000041837,-0.10000000000000088,1.9355005,False
939,0.03999999999996362,-0.10000000000000088,1.9355005,False
940,0.02999999999974534,-0.10000000000000088,1.9355005,False
941,0.03999999999996362,-0.10000000000000088,1.9355005,False
942,0.03999999999996362,-0.10000000000000088,1.9355005,False
943,0.03999999999996362,-0.10000000000000088,1.9355005,False
944,0.03000000000020009,-0.10000000000000088,1.9355005,False
945,0.04000000000041837,-0.10000000000000088,1.9355005,False
946,0.02999999999974534,-0.10000000000000088,1.9355005,False
947,0.03000000000020009,-0.10000000000000088,1.9355005,False
948,0.04999999999972715,-0.10000000000000088,1.9355005,False
949,0.03999999999996362,-0.10000000000000088,1.9355005,False
950,0.03000000000020009,-0.10000000000000088,1.9355005,False
951,0.03999999999996362,-0.10000000000000088,1.9355005,False
952,0.03000000000020009,-0.10000000000000088,1.9355005,False
953,0.03999999999996362,-0.10000000000000088,1.9355005,False
954,0.03999999999996362,-0.10000000000000088,1.9355005,False
955,0.03999999999996362,-0.10000000000000088,1.9355005,False
956,0.03999999999996362,-0.10000000000000088,1.9355005,False
957,0.03999999999996362,-0.10000000000000088,1.9355005,False
958,0.03000000000020009,-0.10000000000000088,1.9355005,False
959,0.03999999999996362,-0.10000000000000088,1.9355005,False
960,0.03999999999996362,-0.10000000000000088,1.9355005,False
961,0.02999999999974534,-0.10000000000000088,1.9355005,False
962,0.03999999999996362,-0.10000000000000088,1.9355005,False
963,0.03999999999996362,-0.10000000000000088,1.9355005,False
964,0.03999999999996362,-0.10000000000000088,1.9355005,False
965,0.03000000000020009,-0.10000000000000088,1.9355005,False
966,0.03999999999996362,-0.10000000000000088,1.9355005,False
967,0.03999999999996362,-0.10000000000000088,1.9355005,False
968,0.03999999999996362,-0.10000000000000088,1.9355005,False
969,0.03000000000020009,-0.10000000000000088,1.9355005,False
970,0.03999999999996362,-0.10000000000000088,1.9355005,False
971,0.02999999999974534,-0.10000000000000088,1.9355005,False
972,0.04000000000041837,-0.10000000000000088,1.9355005,False
973,0.03999999999996362,-0.10000000000000088,1.9355005,False
974,0.03999999999996362,-0.10000000000000088,1.9355005,False
975,0.02999999999974534,-0.10000000000000088,1.9355005,False
976,0.03999999999996362,-0.10000000000000088,1.9355005,False
977,0.03000000000020009,-0.10000000000000088,1.9355005,False
978,0.03999999999996362,-0.10000000000000088,1.9355005,False
979,0.0500000000001819,-0.10000000000000088,1.9355005,False
980,0.03999999999996362,-0.10000000000000088,1.9355005,False
981,0.05999999999994543,-0.10000000000000088,1.9355005,False
982,0.03999999999996362,-0.10000000000000088,1.9355005,False
983,0.02999999999974534,-0.10000000000000088,1.9355005,False
984,0.04000000000041837,-0.10000000000000088,1.9355005,False
985,0.03999999999996362,-0.10000000000000088,1.9355005,False
986,0.03000000000020009,-0.10000000000000088,1.9355005,False
987,0.03999999999996362,-0.10000000000000088,1.9355005,False
988,0.02999999999974534,-0.10000000000000088,1.9355005,False
989,0.03999999999996362,-0.10000000000000088,1.9355005,False
990,0.03999999999996362,-0.10000000000000088,1.9355005,False
991,0.04000000000041837,-0.10000000000000088,1.9355005,False
992,0.02999999999974534,-0.10000000000000088,1.9355005,False
993,0.03999999999996362,-0.10000000000000088,1.9355005,False
994,0.03999999999996362,-0.10000000000000088,1.9355005,False
995,0.03999999999996362,-0.10000000000000088,1.9355005,False
996,0.03000000000020009,-0.10000000000000088,1.9355005,False
997,0.03999999999996362,-0.10000000000000088,1.9355005,False
998,0.03000000000020009,-0.10000000000000088,1.9355005,False
999,0.04999999999972715,-0.10000000000000088,1.9355005,False
1000,0.03999999999996362,-0.10000000000000088,1.9355005,False
