steps,time,reward,delta,converged
1,0.0,-0.16000000000000003,1.0009002247575303,False
2,0.0,-0.13913043478260873,1.0009851404228771,False
3,0.0,-0.14500000000000002,1.0009851404228771,False
4,0.0,-0.16000000000000003,1.0009851404228771,False
5,0.009999999999308784,-0.11249999999999988,1.0009851404228771,False
6,0.0,-0.13913043478260873,1.0009851404228771,False
7,0.010000000000218279,-0.11285714285714274,1.0009851404228771,False
8,0.0,-0.11698113207547164,1.0009851404228771,False
9,0.0,-0.12307692307692314,1.0009851404228771,False
10,0.0,-0.2125,1.0009851404228771,False
11,0.010000000000218279,-0.10873786407766971,1.0009851404228771,False
12,0.009999999999308784,-0.11764705882352938,1.0009851404228771,False
13,0.010000000000218279,-0.11153846153846139,1.0009851404228771,False
14,0.0,-0.12195121951219516,1.0009851404228771,False
15,0.0,-0.17499999999999996,1.0009851404228771,False
16,0.0,-0.12647058823529417,1.0009851404228771,False
17,0.010000000000218279,-0.1055555555555553,1.0009851404228771,False
18,0.009999999999308784,-0.10769230769230748,1.0009851404228771,False
19,0.0,-0.12195121951219516,1.0009851404228771,False
20,0.0,-0.12647058823529417,1.0009851404228771,False
21,0.010000000000218279,-0.11124999999999985,1.0009851404228771,False
22,0.0,-0.15625,1.0009851404228771,False
23,0.0,-0.11956521739130435,1.0009851404228771,False
24,0.010000000000218279,-0.1061643835616436,1.0009851404228771,False
25,0.009999999999308784,-0.13000000000000003,1.0009851404228771,False
26,0.0,-0.11578947368421046,1.0009851404228771,False
27,0.010000000000218279,-0.13750000000000004,1.0009851404228771,False
28,0.0,-0.11304347826086944,1.0009851404228771,False
29,0.0,-0.11071428571428556,1.0009851404228771,False
30,0.010000000000218279,-0.11363636363636354,1.0009851404228771,False
31,0.009999999999308784,-0.11499999999999992,1.0009851404228771,False
32,0.0,-0.13750000000000004,1.0009851404228771,False
33,0.0,-0.19999999999999998,1.0009851404228771,False
34,0.020000000000436557,-0.105960264900662,1.0009851404228771,False
35,0.0,-0.12571428571428578,1.0009851404228771,False
36,0.0,-0.13103448275862073,1.0009851404228771,False
37,0.0,-0.11578947368421046,1.0009851404228771,False
38,0.0,-0.13333333333333336,1.0009851404228771,False
39,0.009999999999308784,-0.11730769230769227,1.0009851404228771,False
40,0.0,-0.11343283582089542,1.0009851404228771,False
41,0.010000000000218279,-0.10562499999999975,1.0009851404228771,False
42,0.010000000000218279,-0.10697674418604629,1.0009851404228771,False
43,0.0,-0.12432432432432436,1.0009851404228771,False
44,0.0,-0.16923076923076924,1.0009851404228771,False
45,0.0,-0.11384615384615374,1.0009896219644003,False
46,0.020000000000436557,-0.10323741007194288,1.0009896219644003,False
47,0.0,-0.11153846153846139,1.0009896219644003,False
48,0.0,-0.19999999999999998,1.0009896219644003,False
49,0.0,-0.12571428571428578,1.0009896219644003,False
50,0.010000000000218279,-0.11124999999999985,1.0009896219644003,False
51,0.010000000000218279,-0.11384615384615374,1.0009896219644003,False
52,0.0,-0.13333333333333336,1.0009896219644003,False
53,0.019999999999527063,-0.10324909747292463,1.0009896219644003,False
54,0.010000000000218279,-0.11304347826086944,1.0009896219644003,False
55,0.010000000000218279,-0.10833333333333313,1.0009896219644003,False
56,0.010000000000218279,-0.11666666666666661,1.0009896219644003,False
57,0.0,-0.12812500000000004,1.0009896219644003,False
58,0.0,-0.12647058823529417,1.0009896219644003,False
59,0.0,-0.12727272727272732,1.0009896219644003,False
60,0.0,-0.12903225806451618,1.0009896219644003,False
61,0.009999999999308784,-0.10789473684210506,1.0009896219644003,False
62,0.0,-0.12432432432432436,1.0009896219644003,False
63,0.010000000000218279,-0.10873786407766971,1.0009896219644003,False
64,0.010000000000218279,-0.11124999999999985,1.0009896219644003,False
65,0.009999999999308784,-0.10599999999999975,1.0009896219644003,False
66,0.010000000000218279,-0.11084337349397574,1.0009896219644003,False
67,0.0,-0.19999999999999998,1.0009896219644003,False
68,0.0,-0.18181818181818182,1.0009896219644003,False
69,0.010000000000218279,-0.16923076923076924,1.0009896219644003,False
70,0.0,-0.11153846153846139,1.0009896219644003,False
71,0.0,-0.12571428571428578,1.0009896219644003,False
72,0.0,-0.13333333333333336,1.0009896219644003,False
73,0.009999999999308784,-0.11956521739130435,1.0009896219644003,False
74,0.0,-0.15625,1.0009896219644003,False
75,0.010000000000218279,-0.10676691729323284,1.0009896219644003,False
76,0.010000000000218279,-0.11578947368421046,1.0009896219644003,False
77,0.010000000000218279,-0.10803571428571408,1.0009896219644003,False
78,0.009999999999308784,-0.11011235955056163,1.0009896219644003,False
79,0.0,-0.16000000000000003,1.0009896219644003,False
80,0.020000000000436557,-0.10491803278688519,1.0009896219644003,False
81,0.0,-0.11267605633802805,1.0009896219644003,False
82,0.0,-0.11022727272727256,1.0009896219644003,False
83,0.009999999999308784,-0.11836734693877549,1.0009896219644003,False
84,0.010000000000218279,-0.10666666666666644,1.0009896219644003,False
85,0.010000000000218279,-0.10580645161290299,1.0009896219644003,False
86,0.010000000000218279,-0.11525423728813551,1.0009896219644003,False
87,0.0,-0.11836734693877549,1.0009896219644003,False
88,0.010000000000218279,-0.10671641791044753,1.0009896219644003,False
89,0.0,-0.11384615384615374,1.0009896219644003,False
90,0.0,-0.11058823529411749,1.0009896219644003,False
91,0.010000000000218279,-0.12500000000000006,1.0009896219644003,False
92,0.0,-0.11499999999999992,1.0009896219644003,False
93,0.0,-0.11232876712328754,1.0009896219644003,False
94,0.0,-0.16000000000000003,1.0009896219644003,False
95,0.0,-0.10967741935483853,1.0009896219644003,False
96,0.010000000000218279,-0.12045454545454547,1.0009896219644003,False
97,0.010000000000218279,-0.11097560975609741,1.0009896219644003,False
98,0.0,-0.12368421052631584,1.0009896219644003,False
99,0.010000000000218279,-0.10967741935483853,1.0009896219644003,False
100,0.009999999999308784,-0.12571428571428578,1.0009896219644003,False
101,0.0,-0.11343283582089542,1.0009896219644003,False
102,0.010000000000218279,-0.11267605633802805,1.0009896219644003,False
103,0.0,-0.12195121951219516,1.0009896219644003,False
104,0.0,-0.14285714285714288,1.0009896219644003,False
105,0.0,-0.14736842105263162,1.0009896219644003,False
106,0.010000000000218279,-0.13600000000000004,1.0009896219644003,False
107,0.0,-0.13000000000000003,1.0009896219644003,False
108,0.009999999999308784,-0.10865384615384596,1.0009896219644003,False
109,0.010000000000218279,-0.10873786407766971,1.0009896219644003,False
110,0.010000000000218279,-0.10849056603773564,1.0009896219644003,False
111,0.010000000000218279,-0.1081081081081079,1.0009896219644003,False
112,0.009999999999308784,-0.11914893617021276,1.0009896219644003,False
113,0.0,-0.13750000000000004,1.0009896219644003,False
114,0.010000000000218279,-0.11343283582089542,1.0009896219644003,False
115,0.010000000000218279,-0.11836734693877549,1.0009896219644003,False
116,0.010000000000218279,-0.1089999999999998,1.0009896219644003,False
117,0.009999999999308784,-0.10789473684210506,1.0009896219644003,False
118,0.0,-0.16428571428571428,1.0009896219644003,False
119,0.0,-0.16000000000000003,1.0009896219644003,False
120,0.0,-0.10818181818181798,1.0009896219644003,False
121,0.0,-0.11578947368421046,1.0009896219644003,False
122,0.010000000000218279,-0.10857142857142837,1.0009896219644003,False
123,0.0,-0.14285714285714288,1.0009896219644003,False
124,0.010000000000218279,-0.10638297872340402,1.0009896219644003,False
125,0.0,-0.17499999999999996,1.0009896219644003,False
126,0.010000000000218279,-0.10873786407766971,1.0009896219644003,False
127,0.010000000000218279,-0.10927835051546374,1.0009896219644003,False
128,0.010000000000218279,-0.10947368421052613,1.0009896219644003,False
129,0.0,-0.1160714285714285,1.0009896219644003,False
130,0.0,-0.12000000000000001,1.0009896219644003,False
131,0.010000000000218279,-0.10731707317073148,1.0009896219644003,False
132,0.0,-0.12307692307692314,1.0009896219644003,False
133,0.0,-0.13913043478260873,1.0009896219644003,False
134,0.010000000000218279,-0.11153846153846139,1.0009896219644003,False
135,0.009999999999308784,-0.10714285714285691,1.0009896219644003,False
136,0.010000000000218279,-0.10642857142857119,1.0009896219644003,False
137,0.02999999999974534,-0.10287539936102291,1.0009896219644003,False
138,0.010000000000218279,-0.1045454545454546,1.0009896219644003,False
139,0.010000000000218279,-0.11343283582089542,1.0009896219644003,False
140,0.0,-0.12250000000000005,1.0009896219644003,False
141,0.0,-0.2125,1.0009896219644003,False
142,0.009999999999308784,-0.10719999999999978,1.0009896219644003,False
143,0.010000000000218279,-0.11216216216216203,1.0009896219644003,False
144,0.010000000000218279,-0.10523255813953472,1.0009896219644003,False
145,0.0,-0.15294117647058827,1.0009896219644003,False
146,0.0,-0.14285714285714288,1.0009896219644003,False
147,0.0,-0.11525423728813551,1.0009896219644003,False
148,0.0,-0.13461538461538464,1.0009896219644003,False
149,0.0,-0.11730769230769227,1.0009896219644003,False
150,0.010000000000218279,-0.1046875,1.0009896219644003,False
151,0.010000000000218279,-0.1160714285714285,1.0009896219644003,False
152,0.009999999999308784,-0.10523255813953472,1.0009896219644003,False
153,0.010000000000218279,-0.10542168674698774,1.0009896219644003,False
154,0.0,-0.13333333333333336,1.0009896219644003,False
155,0.010000000000218279,-0.11249999999999988,1.0009896219644003,False
156,0.0,-0.11343283582089542,1.0009896219644003,False
157,0.0,-0.11956521739130435,1.0009896219644003,False
158,0.009999999999308784,-0.11249999999999988,1.0009896219644003,False
159,0.0,-0.11304347826086944,1.0009896219644003,False
160,0.0,-0.15625,1.0009896219644003,False
161,0.0,-0.12500000000000006,1.0009896219644003,False
162,0.010000000000218279,-0.12250000000000005,1.0009896219644003,False
163,0.0,-0.11525423728813551,1.0009896219644003,False
164,0.010000000000218279,-0.10865384615384596,1.0009896219644003,False
165,0.019999999999527063,-0.1061643835616436,1.0009896219644003,False
166,0.0,-0.27999999999999997,1.0009896219644003,False
167,0.0,-0.10999999999999982,1.0009896219644003,False
168,0.010000000000218279,-0.10825688073394475,1.0009896219644003,False
169,0.010000000000218279,-0.11956521739130435,1.0009896219644003,False
170,0.009999999999308784,-0.11111111111111095,1.0009896219644003,False
171,0.0,-0.11323529411764695,1.0009896219644003,False
172,0.010000000000218279,-0.11343283582089542,1.0009896219644003,False
173,0.010000000000218279,-0.11836734693877549,1.0009896219644003,False
174,0.010000000000218279,-0.1074380165289254,1.0009896219644003,False
175,0.009999999999308784,-0.10412844036697265,1.0009896219644003,False
176,0.020000000000436557,-0.10358565737051827,1.0009896219644003,False
177,0.010000000000218279,-0.11764705882352938,1.0009896219644003,False
178,0.019999999999527063,-0.10351562500000036,1.0009896219644003,False
179,0.010000000000218279,-0.10450000000000007,1.0009896219644003,False
180,0.009999999999308784,-0.10424528301886807,1.0009896219644003,False
181,0.010000000000218279,-0.11249999999999988,1.0009896219644003,False
182,0.010000000000218279,-0.1140624999999999,1.0009896219644003,False
183,0.0,-0.11914893617021276,1.0009896219644003,False
184,0.010000000000218279,-0.10708661417322812,1.0009896219644003,False
185,0.0,-0.11071428571428556,1.0009896219644003,False
186,0.019999999999527063,-0.1058823529411762,1.0009896219644003,False
187,0.0,-0.109782608695652,1.0009896219644003,False
188,0.0,-0.12250000000000005,1.0009896219644003,False
189,0.010000000000218279,-0.11011235955056163,1.0009896219644003,False
190,0.0,-0.12647058823529417,1.0009896219644003,False
191,0.009999999999308784,-0.11551724137931027,1.0009896219644003,False
192,0.010000000000218279,-0.1090909090909089,1.0009896219644003,False
193,0.010000000000218279,-0.11384615384615374,1.0009896219644003,False
194,0.0,-0.10927835051546374,1.0009896219644003,False
195,0.0,-0.11914893617021276,1.0009896219644003,False
196,0.009999999999308784,-0.10857142857142837,1.0009896219644003,False
197,0.010000000000218279,-0.11551724137931027,1.0009896219644003,False
198,0.0,-0.11184210526315776,1.0009896219644003,False
199,0.0,-0.12812500000000004,1.0009896219644003,False
200,0.0,-0.12500000000000006,1.0009896219644003,False
201,0.010000000000218279,-0.11097560975609741,1.0009896219644003,False
202,0.009999999999308784,-0.10676691729323284,1.0009896219644003,False
203,0.010000000000218279,-0.10756302521008382,1.0009896219644003,False
204,0.0,-0.10927835051546374,1.0009896219644003,False
205,0.010000000000218279,-0.10918367346938757,1.0009896219644003,False
206,0.009999999999308784,-0.11011235955056163,1.0009896219644003,False
207,0.010000000000218279,-0.11428571428571419,1.0009896219644003,False
208,0.010000000000218279,-0.11034482758620673,1.0009896219644003,False
209,0.010000000000218279,-0.11799999999999997,1.0009896219644003,False
210,0.009999999999308784,-0.10599999999999975,1.0009896219644003,False
211,0.010000000000218279,-0.11764705882352938,1.0009896219644003,False
212,0.0,-0.1160714285714285,1.0009896219644003,False
213,0.020000000000436557,-0.10320284697508943,1.0009992775095466,False
214,0.0,-0.10882352941176451,1.0009992775095466,False
215,0.0,-0.11216216216216203,1.0009992775095466,False
216,0.010000000000218279,-0.10849056603773564,1.0009992775095466,False
217,0.010000000000218279,-0.11451612903225797,1.0009992775095466,False
218,0.0,-0.14285714285714288,1.0009992775095466,False
219,0.010000000000218279,-0.10714285714285691,1.0009992775095466,False
220,0.010000000000218279,-0.10410958904109607,1.0009992775095466,False
221,0.010000000000218279,-0.1072580645161288,1.0009992775095466,False
222,0.0,-0.13600000000000004,1.0009992775095466,False
223,0.009999999999308784,-0.1058823529411762,1.0009992775095466,False
224,0.010000000000218279,-0.1090909090909089,1.0009992775095466,False
225,0.020000000000436557,-0.10471204188481675,1.0009992775095466,False
226,0.0,-0.15294117647058827,1.0009992775095466,False
227,0.009999999999308784,-0.11874999999999998,1.0009992775095466,False
228,0.0,-0.10957446808510621,1.0009992775095466,False
229,0.010000000000218279,-0.1048128342245989,1.0009992775095466,False
230,0.010000000000218279,-0.11034482758620673,1.0009992775095466,False
231,0.009999999999308784,-0.11551724137931027,1.0009992775095466,False
232,0.0,-0.14736842105263162,1.0009992775095466,False
233,0.020000000000436557,-0.10347490347490385,1.0009992775095466,False
234,0.010000000000218279,-0.1050561797752808,1.0009992775095466,False
235,0.010000000000218279,-0.10782608695652153,1.0009992775095466,False
236,0.020000000000436557,-0.1033582089552243,1.0009992775095466,False
237,0.0,-0.111392405063291,1.0009992775095466,False
238,0.010000000000218279,-0.11551724137931027,1.0009992775095466,False
239,0.009999999999308784,-0.11011235955056163,1.0009992775095466,False
240,0.0,-0.15294117647058827,1.0009992775095466,False
241,0.010000000000218279,-0.11836734693877549,1.0009992775095466,False
242,0.0,-0.11578947368421046,1.0009992775095466,False
243,0.0,-0.15625,1.0009992775095466,False
244,0.019999999999527063,-0.10295081967213168,1.0009992775095466,False
245,0.010000000000218279,-0.10849056603773564,1.0009992775095466,False
246,0.010000000000218279,-0.11216216216216203,1.0009992775095466,False
247,0.010000000000218279,-0.10538922155688603,1.0009992775095466,False
248,0.010000000000218279,-0.10342205323193955,1.0009992775095466,False
249,0.0,-0.11499999999999992,1.0009992775095466,False
250,0.0,-0.13913043478260873,1.0009992775095466,False
251,0.009999999999308784,-0.10517241379310331,1.0009992775095466,False
252,0.010000000000218279,-0.10576923076923052,1.0009992775095466,False
253,0.010000000000218279,-0.10927835051546374,1.0009992775095466,False
254,0.02999999999974534,-0.10226130653266406,1.0009992775095466,False
255,0.010000000000218279,-0.1079646017699113,1.0009992775095466,False
256,0.009999999999308784,-0.1038461538461541,1.0009992775095466,False
257,0.020000000000436557,-0.10422535211267621,1.0009992775095466,False
258,0.0,-0.12647058823529417,1.0009992775095466,False
259,0.0,-0.11323529411764695,1.0009992775095466,False
260,0.010000000000218279,-0.13333333333333336,1.0009992775095466,False
261,0.009999999999308784,-0.10486486486486482,1.0009992775095466,False
262,0.010000000000218279,-0.11666666666666661,1.0009992775095466,False
263,0.0,-0.11199999999999986,1.0009992775095466,False
264,0.010000000000218279,-0.11525423728813551,1.0009992775095466,False
265,0.02999999999974534,-0.1023195876288667,1.0009992775095466,False
266,0.010000000000218279,-0.10737704918032764,1.0009992775095466,False
267,0.0,-0.12571428571428578,1.0009992775095466,False
268,0.0,-0.1081081081081079,1.0009992775095466,False
269,0.010000000000218279,-0.10559006211180098,1.0009992775095466,False
270,0.0,-0.11475409836065566,1.0009992775095466,False
271,0.019999999999527063,-0.10337078651685434,1.0009992775095466,False
272,0.020000000000436557,-0.10401785714285736,1.0009992775095466,False
273,0.010000000000218279,-0.10989010989010971,1.0009992775095466,False
274,0.009999999999308784,-0.10918367346938757,1.0009992775095466,False
275,0.010000000000218279,-0.10508474576271175,1.0009992775095466,False
276,0.010000000000218279,-0.105960264900662,1.0009992775095466,False
277,0.019999999999527063,-0.10580645161290299,1.0009992775095466,False
278,0.030000000000654836,-0.10000000000000088,1.0009992775095466,False
279,0.009999999999308784,-0.10692307692307669,1.0009992775095466,False
280,0.030000000000654836,-0.10296052631579,1.0009992775095466,False
281,0.0,-0.10989010989010971,1.0009992775095466,False
282,0.010000000000218279,-0.1074380165289254,1.0009992775095466,False
283,0.010000000000218279,-0.10520231213872817,1.0009992775095466,False
284,0.03999999999996362,-0.10000000000000088,1.0009992775095466,False
285,0.0,-0.13600000000000004,1.0009992775095466,False
286,0.009999999999308784,-0.10687022900763336,1.0009992775095466,False
287,0.030000000000654836,-0.10000000000000088,1.0009992775095466,False
288,0.0,-0.10849056603773564,1.0009992775095466,False
289,0.010000000000218279,-0.10347490347490385,1.0009992775095466,False
290,0.0,-0.16923076923076924,1.0009992775095466,False
291,0.009999999999308784,-0.10520231213872817,1.0009992775095466,False
292,0.040000000000873115,-0.10199556541020037,1.0009992775095466,False
293,0.009999999999308784,-0.1090909090909089,1.0009992775095466,False
294,0.020000000000436557,-0.10394736842105286,1.0009992775095466,False
295,0.010000000000218279,-0.10445544554455453,1.0009992775095466,False
296,0.0,-0.1140624999999999,1.0009992775095466,False
297,0.010000000000218279,-0.11666666666666661,1.0009992775095466,False
298,0.020000000000436557,-0.10358565737051827,1.0009992775095466,False
299,0.019999999999527063,-0.10283911671924346,1.0009992775095466,False
300,0.03999999999996362,-0.10000000000000088,1.0009992775095466,False
301,0.010000000000218279,-0.10486486486486482,1.0009992775095466,False
302,0.0,-0.11636363636363631,1.0009992775095466,False
303,0.009999999999308784,-0.10737704918032764,1.0009992775095466,False
304,0.010000000000218279,-0.10714285714285691,1.0009992775095466,False
305,0.02999999999974534,-0.10254957507082219,1.0009992775095466,False
306,0.010000000000218279,-0.1059210526315787,1.0009992775095466,False
307,0.02999999999974534,-0.10000000000000088,1.0009992775095466,False
308,0.030000000000654836,-0.10272727272727332,1.0009992775095466,False
309,0.02999999999974534,-0.10225000000000074,1.0009992775095466,False
310,0.010000000000218279,-0.13913043478260873,1.0009992775095466,False
311,0.02999999999974534,-0.10000000000000088,1.0009992775095466,False
312,0.009999999999308784,-0.10526315789473667,1.0009992775095466,False
313,0.010000000000218279,-0.10775862068965496,1.0009992775095466,False
314,0.010000000000218279,-0.11499999999999992,1.0009992775095466,False
315,0.02999999999974534,-0.10202702702702783,1.0009992775095466,False
316,0.0,-0.11199999999999986,1.0009992775095466,False
317,0.019999999999527063,-0.10342205323193955,1.0009992775095466,False
318,0.020000000000436557,-0.10267062314540121,1.0009992775095466,False
319,0.010000000000218279,-0.10957446808510621,1.0009992775095466,False
320,0.010000000000218279,-0.10803571428571408,1.0009992775095466,False
321,0.009999999999308784,-0.11168831168831155,1.0009992775095466,False
322,0.010000000000218279,-0.11475409836065566,1.0009992775095466,False
323,0.010000000000218279,-0.10865384615384596,1.0009992775095466,False
324,0.0,-0.11011235955056163,1.0009992775095466,False
325,0.009999999999308784,-0.1060402684563756,1.0009992775095466,False
326,0.010000000000218279,-0.10647482014388465,1.0009992775095466,False
327,0.020000000000436557,-0.10329670329670372,1.0009992775095466,False
328,0.009999999999308784,-0.10671641791044753,1.0009992775095466,False
329,0.030000000000654836,-0.102719033232629,1.0009992775095466,False
330,0.019999999999527063,-0.10409090909090928,1.0009992775095466,False
331,0.010000000000218279,-0.10825688073394475,1.0009992775095466,False
332,0.010000000000218279,-0.1061224489795916,1.0009992775095466,False
333,0.019999999999527063,-0.103703703703704,1.0009992775095466,False
334,0.010000000000218279,-0.11323529411764695,1.0009992775095466,False
335,0.0,-0.12432432432432436,1.0009992775095466,False
336,0.019999999999527063,-0.10476190476190475,1.0009992775095466,False
337,0.010000000000218279,-0.1089999999999998,1.0009992775095466,False
338,0.020000000000436557,-0.10393013100436704,1.0009992775095466,False
339,0.010000000000218279,-0.10749999999999978,1.0009992775095466,False
340,0.010000000000218279,-0.10523255813953472,1.0009992775095466,False
341,0.010000000000218279,-0.1062068965517239,1.0009992775095466,False
342,0.019999999999527063,-0.10511363636363624,1.0009992775095466,False
343,0.010000000000218279,-0.10386266094420626,1.0009992775095466,False
344,0.0,-0.11874999999999998,1.0009992775095466,False
345,0.03999999999996362,-0.10000000000000088,1.0009992775095466,False
346,0.010000000000218279,-0.1079646017699113,1.0009992775095466,False
347,0.0,-0.10999999999999982,1.0009992775095466,False
348,0.010000000000218279,-0.10569620253164531,1.0009992775095466,False
349,0.020000000000436557,-0.10327272727272771,1.0009992775095466,False
350,0.019999999999527063,-0.10257142857142922,1.0009992775095466,False
351,0.02999999999974534,-0.10000000000000088,1.0009992775095466,False
352,0.020000000000436557,-0.10526315789473667,1.0009992775095466,False
353,0.03999999999996362,-0.10000000000000088,1.0009992775095466,False
354,0.019999999999527063,-0.10461538461538464,1.0009992775095466,False
355,0.030000000000654836,-0.10209790209790288,1.0009992775095466,False
356,0.020000000000436557,-0.10354330708661452,1.0009992775095466,False
357,0.010000000000218279,-0.10545454545454523,1.0009992775095466,False
358,0.019999999999527063,-0.10310344827586256,1.0009992775095466,False
359,0.010000000000218279,-0.10629370629370605,1.0009992775095466,False
360,0.009999999999308784,-0.10731707317073148,1.0009992775095466,False
361,0.010000000000218279,-0.1048128342245989,1.0009992775095466,False
362,0.010000000000218279,-0.11034482758620673,1.0009992775095466,False
363,0.010000000000218279,-0.1065693430656932,1.0009992775095466,False
364,0.010000000000218279,-0.10447761194029857,1.0009992775095466,False
365,0.010000000000218279,-0.1079646017699113,1.0009992775095466,False
366,0.010000000000218279,-0.11058823529411749,1.0009992775095466,False
367,0.010000000000218279,-0.1081081081081079,1.0009992775095466,False
368,0.02999999999974534,-0.10232558139534956,1.0009992775095466,False
369,0.02999999999974534,-0.10287539936102291,1.0009992775095466,False
370,0.010000000000218279,-0.10608108108108083,1.0009992775095466,False
371,0.02999999999974534,-0.10000000000000088,1.0009992775095466,False
372,0.0,-0.11799999999999997,1.0009992775095466,False
373,0.010000000000218279,-0.10731707317073148,1.0009992775095466,False
374,0.009999999999308784,-0.10703124999999977,1.0009992775095466,False
375,0.010000000000218279,-0.10841121495327083,1.0009992775095466,False
376,0.020000000000436557,-0.10608108108108083,1.0009992775095466,False
377,0.019999999999527063,-0.10315789473684257,1.0009992775095466,False
378,0.02999999999974534,-0.10217391304347903,1.0009992775095466,False
379,0.020000000000436557,-0.10459183673469391,1.0009992775095466,False
380,0.010000000000218279,-0.1074380165289254,1.0009992775095466,False
381,0.019999999999527063,-0.10320284697508943,1.0009992775095466,False
382,0.020000000000436557,-0.10394736842105286,1.0009992775095466,False
383,0.010000000000218279,-0.10559006211180098,1.0009992775095466,False
384,0.03999999999996362,-0.10000000000000088,1.0009992775095466,False
385,0.009999999999308784,-0.10599999999999975,1.0009992775095466,False
386,0.03999999999996362,-0.10000000000000088,1.0009992775095466,False
387,0.030000000000654836,-0.10214285714285792,1.0009992775095466,False
388,0.0,-0.10803571428571408,1.0009992775095466,False
389,0.010000000000218279,-0.10576923076923052,1.0009992775095466,False
390,0.010000000000218279,-0.10461538461538464,1.0009992775095466,False
391,0.030000000000654836,-0.10000000000000088,1.0009992775095466,False
392,0.0,-0.11343283582089542,1.0009992775095466,False
393,0.009999999999308784,-0.11363636363636354,1.0009992775095466,False
394,0.010000000000218279,-0.10420560747663567,1.0009992775095466,False
395,0.0,-0.11124999999999985,1.0009992775095466,False
396,0.010000000000218279,-0.10647482014388465,1.0009992775095466,False
397,0.010000000000218279,-0.10697674418604629,1.0009992775095466,False
398,0.020000000000436557,-0.10362903225806484,1.0009992775095466,False
399,0.009999999999308784,-0.10489130434782604,1.0009992775095466,False
400,0.030000000000654836,-0.10267857142857204,1.0009992775095466,False
401,0.009999999999308784,-0.10947368421052613,1.0009992775095466,False
402,0.02999999999974534,-0.10000000000000088,1.0009992775095466,False
403,0.020000000000436557,-0.10299003322259188,1.0009992775095466,False
404,0.009999999999308784,-0.10538922155688603,1.0009992775095466,False
405,0.020000000000436557,-0.10410958904109607,1.0009992775095466,False
406,0.02999999999974534,-0.10231362467866396,1.0009992775095466,False
407,0.0,-0.11232876712328754,1.0009992775095466,False
408,0.010000000000218279,-0.10379746835443066,1.0009992775095466,False
409,0.019999999999527063,-0.10282131661442064,1.0009992775095466,False
410,0.03999999999996362,-0.10000000000000088,1.0009992775095466,False
411,0.02999999999974534,-0.10306122448979642,1.0009992775095466,False
412,0.030000000000654836,-0.10216867469879595,1.0009992775095466,False
413,0.03999999999996362,-0.10000000000000088,1.0009992775095466,False
414,0.009999999999308784,-0.10542168674698774,1.0009992775095466,False
415,0.010000000000218279,-0.10825688073394475,1.0009992775095466,False
416,0.020000000000436557,-0.10514285714285701,1.0009992775095466,False
417,0.010000000000218279,-0.10428571428571441,1.0009992775095466,False
418,0.0,-0.10762711864406758,1.0009992775095466,False
419,0.02999999999974534,-0.10184426229508284,1.0009992775095466,False
420,0.03999999999996362,-0.10210772833723732,1.0009992775095466,False
421,0.020000000000436557,-0.10342205323193955,1.0009992775095466,False
422,0.0,-0.11285714285714274,1.0009992775095466,False
423,0.0,-0.10947368421052613,1.0009992775095466,False
424,0.020000000000436557,-0.10332103321033252,1.0009992775095466,False
425,0.010000000000218279,-0.10599999999999975,1.0009992775095466,False
426,0.019999999999527063,-0.10432692307692319,1.0009992775095466,False
427,0.03999999999996362,-0.10000000000000088,1.0009992775095466,False
428,0.010000000000218279,-0.10508474576271175,1.0009992775095466,False
429,0.020000000000436557,-0.10422535211267621,1.0009992775095466,False
430,0.03999999999996362,-0.10000000000000088,1.0009992775095466,False
431,0.009999999999308784,-0.11153846153846139,1.0009992775095466,False
432,0.010000000000218279,-0.1074380165289254,1.0009992775095466,False
433,0.02999999999974534,-0.10243243243243312,1.0009992775095466,False
434,0.010000000000218279,-0.10401785714285736,1.0009992775095466,False
435,0.02999999999974534,-0.10227272727272801,1.0009992775095466,False
436,0.0,-0.10947368421052613,1.0009992775095466,False
437,0.010000000000218279,-0.10459183673469391,1.0009992775095466,False
438,0.03999999999996362,-0.10000000000000088,1.0009992775095466,False
439,0.009999999999308784,-0.10422535211267621,1.0009992775095466,False
440,0.020000000000436557,-0.10441176470588244,1.0009992775095466,False
441,0.03999999999996362,-0.10000000000000088,1.0009992775095466,False
442,0.019999999999527063,-0.10299003322259188,1.0009992775095466,False
443,0.030000000000654836,-0.10233766233766306,1.0009992775095466,False
444,0.009999999999308784,-0.1055555555555553,1.0009992775095466,False
445,0.0,-0.11199999999999986,1.0009992775095466,False
446,0.010000000000218279,-0.1055555555555553,1.0009992775095466,False
447,0.03999999999996362,-0.10000000000000088,1.0009992775095466,False
448,0.049999999999272404,-0.1025280898876411,1.0009992775095466,False
449,0.020000000000436557,-0.10891089108910872,1.0009992775095466,False
450,0.03999999999996362,-0.10315789473684257,1.0009992775095466,False
451,0.0500000000001819,-0.10000000000000088,1.0009992775095466,False
452,0.02999999999974534,-0.10294117647058877,1.0009992775095466,False
453,0.02999999999974534,-0.10000000000000088,1.0009992775095466,False
454,0.02999999999974534,-0.10229591836734767,1.0009992775095466,False
455,0.02999999999974534,-0.10181086519114775,1.0009992775095466,False
456,0.010000000000218279,-0.10719999999999978,1.0009992775095466,False
457,0.02999999999974534,-0.10184049079754688,1.0009992775095466,False
458,0.010000000000218279,-0.10749999999999978,1.0009992775095466,False
459,0.02999999999974534,-0.10000000000000088,1.0009992775095466,False
460,0.010000000000218279,-0.1058823529411762,1.0009992775095466,False
461,0.02999999999974534,-0.10000000000000088,1.0009992775095466,False
462,0.019999999999527063,-0.1033582089552243,1.0009992775095466,False
463,0.03999999999996362,-0.10000000000000088,1.0009992775095466,False
464,0.03999999999996362,-0.10000000000000088,1.0009992775095466,False
465,0.030000000000654836,-0.10000000000000088,1.0009992775095466,False
466,0.010000000000218279,-0.1037190082644631,1.0009992775095466,False
467,0.010000000000218279,-0.10508474576271175,1.0009992775095466,False
468,0.009999999999308784,-0.10652173913043454,1.0009992775095466,False
469,0.03999999999996362,-0.10000000000000088,1.0009992775095466,False
470,0.030000000000654836,-0.1027607361963196,1.0009992775095466,False
471,0.009999999999308784,-0.10873786407766971,1.0009992775095466,False
472,0.010000000000218279,-0.10486486486486482,1.0009992775095466,False
473,0.020000000000436557,-0.10344827586206935,1.0009992775095466,False
474,0.030000000000654836,-0.10202247191011317,1.0009992775095466,False
475,0.009999999999308784,-0.10483870967741932,1.0009992775095466,False
476,0.030000000000654836,-0.10000000000000088,1.0009992775095466,False
477,0.020000000000436557,-0.10295081967213168,1.0009992775095466,False
478,0.03999999999996362,-0.10000000000000088,1.0009992775095466,False
479,0.02999999999974534,-0.10252100840336201,1.0009992775095466,False
480,0.02999999999974534,-0.10232558139534956,1.0009992775095466,False
481,0.020000000000436557,-0.10386266094420626,1.0009992775095466,False
482,0.02999999999974534,-0.10180722891566353,1.0009992775095466,False
483,0.02999999999974534,-0.10000000000000088,1.0009992775095466,False
484,0.010000000000218279,-0.1033582089552243,1.0009992775095466,False
485,0.009999999999308784,-0.10671641791044753,1.0009992775095466,False
486,0.010000000000218279,-0.10532544378698207,1.0009992775095466,False
487,0.019999999999527063,-0.10367346938775542,1.0009992775095466,False
488,0.020000000000436557,-0.10405405405405425,1.0009992775095466,False
489,0.010000000000218279,-0.10666666666666644,1.0009992775095466,False
490,0.02999999999974534,-0.1024000000000007,1.0009992775095466,False
491,0.03999999999996362,-0.10000000000000088,1.0009992775095466,False
492,0.02999999999974534,-0.10240641711230015,1.0009992775095466,False
493,0.020000000000436557,-0.10321428571428616,1.0009992775095466,False
494,0.03999999999996362,-0.10000000000000088,1.0009992775095466,False
495,0.019999999999527063,-0.10294117647058877,1.0009992775095466,False
496,0.020000000000436557,-0.10445544554455453,1.0009992775095466,False
497,0.02999999999974534,-0.1020501138952172,1.0009992775095466,False
498,0.020000000000436557,-0.10573248407643286,1.0009992775095466,False
499,0.02999999999974534,-0.10000000000000088,1.0009992775095466,False
500,0.02999999999974534,-0.10000000000000088,1.0009992775095466,False
501,0.06999999999970896,-0.10000000000000088,1.0009992775095466,False
502,0.03999999999996362,-0.10339622641509473,1.0009992775095466,False
503,0.06000000000040018,-0.10000000000000088,1.0009992775095466,False
504,0.03999999999996362,-0.10000000000000088,1.0009992775095466,False
505,0.009999999999308784,-0.10471204188481675,1.0009992775095466,False
506,0.010000000000218279,-0.10633802816901385,1.0009992775095466,False
507,0.02999999999974534,-0.10220588235294194,1.0009992775095466,False
508,0.010000000000218279,-0.11343283582089542,1.0009992775095466,False
509,0.02999999999974534,-0.10000000000000088,1.0009992775095466,False
510,0.02999999999974534,-0.10000000000000088,1.0009992775095466,False
511,0.02999999999974534,-0.10220048899755577,1.0009992775095466,False
512,0.010000000000218279,-0.10436893203883506,1.0009992775095466,False
513,0.02999999999974534,-0.10204545454545536,1.0009992775095466,False
514,0.010000000000218279,-0.10535714285714266,1.0009992775095466,False
515,0.010000000000218279,-0.10703124999999977,1.0009992775095466,False
516,0.020000000000436557,-0.10223880597015,1.0009992775095466,False
517,0.019999999999527063,-0.10291262135922384,1.0009992775095466,False
518,0.020000000000436557,-0.10489130434782604,1.0009992775095466,False
519,0.02999999999974534,-0.10179640718562963,1.0009992775095466,False
520,0.0,-0.10749999999999978,1.0009992775095466,False
521,0.0,-0.1089999999999998,1.0009992775095466,False
522,0.020000000000436557,-0.10249307479224444,1.0009992775095466,False
523,0.02999999999974534,-0.10216867469879595,1.0009992775095466,False
524,0.02999999999974534,-0.10282131661442064,1.0009992775095466,False
525,0.030000000000654836,-0.10240641711230015,1.0009992775095466,False
526,0.0,-0.11232876712328754,1.0009992775095466,False
527,0.030000000000654836,-0.10000000000000088,1.0009992775095466,False
528,0.0,-0.10882352941176451,1.0009992775095466,False
529,0.03999999999996362,-0.10000000000000088,1.0009992775095466,False
530,0.030000000000654836,-0.10300000000000052,1.0009992775095466,False
531,0.02999999999974534,-0.10000000000000088,1.0009992775095466,False
532,0.03999999999996362,-0.10000000000000088,1.0009992775095466,False
533,0.03999999999996362,-0.10000000000000088,1.0009992775095466,False
534,0.03999999999996362,-0.10187891440501129,1.0009992775095466,False
535,0.02999999999974534,-0.10000000000000088,1.0009992775095466,False
536,0.02999999999974534,-0.10000000000000088,1.0009992775095466,False
537,0.020000000000436557,-0.10255681818181883,1.0009992775095466,False
538,0.03999999999996362,-0.10000000000000088,1.0009992775095466,False
539,0.03999999999996362,-0.10000000000000088,1.0009992775095466,False
540,0.02999999999974534,-0.10000000000000088,1.0009992775095466,False
541,0.02999999999974534,-0.10000000000000088,1.0009992775095466,False
542,0.03999999999996362,-0.10000000000000088,1.0009992775095466,False
543,0.03999999999996362,-0.10000000000000088,1.0009992775095466,False
544,0.0,-0.11836734693877549,1.0009992775095466,False
545,0.009999999999308784,-0.10445544554455453,1.0009992775095466,False
546,0.03999999999996362,-0.10199556541020037,1.0009992775095466,False
547,0.030000000000654836,-0.10238095238095309,1.0009992775095466,False
548,0.02999999999974534,-0.10000000000000088,1.0009992775095466,False
549,0.019999999999527063,-0.10318021201413474,1.0009992775095466,False
550,0.03999999999996362,-0.10000000000000088,1.0009992775095466,False
551,0.020000000000436557,-0.10326086956521782,1.0009992775095466,False
552,0.02999999999974534,-0.1021791767554487,1.0009992775095466,False
553,0.010000000000218279,-0.10708661417322812,1.0009992775095466,False
554,0.02999999999974534,-0.10000000000000088,1.0009992775095466,False
555,0.02999999999974534,-0.10000000000000088,1.0009992775095466,False
556,0.02999999999974534,-0.10311418685121156,1.0009992775095466,False
557,0.020000000000436557,-0.1036437246963566,1.0009992775095466,False
558,0.03999999999996362,-0.10000000000000088,1.0009992775095466,False
559,0.03999999999996362,-0.10000000000000088,1.0009992775095466,False
560,0.03999999999996362,-0.10000000000000088,1.0009992775095466,False
561,0.03999999999996362,-0.10000000000000088,1.0009992775095466,False
562,0.03999999999996362,-0.10000000000000088,1.0009992775095466,False
563,0.020000000000436557,-0.10357142857142891,1.0009992775095466,False
564,0.019999999999527063,-0.10410958904109607,1.0009992775095466,False
565,0.0,-0.11111111111111095,1.0009992775095466,False
566,0.019999999999527063,-0.10288461538461594,1.0009992775095466,False
567,0.03999999999996362,-0.10000000000000088,1.0009992775095466,False
568,0.03999999999996362,-0.10000000000000088,1.0009992775095466,False
569,0.040000000000873115,-0.10000000000000088,1.0009992775095466,False
570,0.009999999999308784,-0.10428571428571441,1.0009992775095466,False
571,0.030000000000654836,-0.10241935483871037,1.0009992775095466,False
572,0.03999999999996362,-0.10000000000000088,1.0009992775095466,False
573,0.03999999999996362,-0.10000000000000088,1.0009992775095466,False
574,0.02999999999974534,-0.10278637770897892,1.0009992775095466,False
575,0.03999999999996362,-0.10000000000000088,1.0009992775095466,False
576,0.02999999999974534,-0.10212264150943474,1.0009992775095466,False
577,0.03999999999996362,-0.10000000000000088,1.0009992775095466,False
578,0.030000000000654836,-0.1022900763358786,1.0009992775095466,False
579,0.019999999999527063,-0.10409090909090928,1.0009992775095466,False
580,0.03999999999996362,-0.10000000000000088,1.0009992775095466,False
581,0.03999999999996362,-0.10000000000000088,1.0009992775095466,False
582,0.02999999999974534,-0.10000000000000088,1.0009992775095466,False
583,0.02999999999974534,-0.10188284518828537,1.0009992775095466,False
584,0.040000000000873115,-0.10000000000000088,1.0009992775095466,False
585,0.02999999999974534,-0.10000000000000088,1.0009992775095466,False
586,0.03999999999996362,-0.10000000000000088,1.0009992775095466,False
587,0.02999999999974534,-0.10226130653266406,1.0009992775095466,False
588,0.03999999999996362,-0.10000000000000088,1.0009992775095466,False
589,0.03999999999996362,-0.10000000000000088,1.0009992775095466,False
590,0.019999999999527063,-0.10499999999999991,1.0009992775095466,False
591,0.040000000000873115,-0.10000000000000088,1.0009992775095466,False
592,0.03999999999996362,-0.10000000000000088,1.0009992775095466,False
593,0.02999999999974534,-0.10000000000000088,1.0009992775095466,False
594,0.02999999999974534,-0.10201793721973175,1.0009992775095466,False
595,0.02999999999974534,-0.10000000000000088,1.0009992775095466,False
596,0.02999999999974534,-0.10000000000000088,1.0009992775095466,False
597,0.020000000000436557,-0.1037815126050423,1.0009992775095466,False
598,0.019999999999527063,-0.10312500000000048,1.0009992775095466,False
599,0.010000000000218279,-0.10647482014388465,1.0009992775095466,False
600,0.02999999999974534,-0.10000000000000088,1.0009992775095466,False
601,0.02999999999974534,-0.10000000000000088,1.0009992775095466,False
602,0.02999999999974534,-0.10222772277227797,1.0009992775095466,False
603,0.02999999999974534,-0.10000000000000088,1.0009992775095466,False
604,0.02999999999974534,-0.10184804928131504,1.0009992775095466,False
605,0.03999999999996362,-0.10236842105263229,1.0009992775095466,False
606,0.040000000000873115,-0.10000000000000088,1.0009992775095466,False
607,0.03999999999996362,-0.10000000000000088,1.0009992775095466,False
608,0.019999999999527063,-0.1024590163934433,1.0009992775095466,False
609,0.02999999999974534,-0.10000000000000088,1.0009992775095466,False
610,0.0,-0.10749999999999978,1.0009992775095466,False
611,0.009999999999308784,-0.10393013100436704,1.0009992775095466,False
612,0.0,-0.11097560975609741,1.0009992775095466,False
613,0.03999999999996362,-0.10000000000000088,1.0009992775095466,False
614,0.03999999999996362,-0.10000000000000088,1.0009992775095466,False
615,0.03999999999996362,-0.10000000000000088,1.0009992775095466,False
616,0.03999999999996362,-0.10000000000000088,1.0009992775095466,False
617,0.03999999999996362,-0.10000000000000088,1.0009992775095466,False
618,0.020000000000436557,-0.10288461538461594,1.0009992775095466,False
619,0.019999999999527063,-0.10381355932203416,1.0009992775095466,False
620,0.030000000000654836,-0.10266272189349174,1.0009992775095466,False
621,0.02999999999974534,-0.10222772277227797,1.0009992775095466,False
622,0.02999999999974534,-0.10227272727272801,1.0009992775095466,False
623,0.03999999999996362,-0.10000000000000088,1.0009992775095466,False
624,0.02999999999974534,-0.10000000000000088,1.0009992775095466,False
625,0.020000000000436557,-0.10418604651162806,1.0009992775095466,False
626,0.03999999999996362,-0.10000000000000088,1.0009992775095466,False
627,0.03999999999996362,-0.10000000000000088,1.0009992775095466,False
628,0.03999999999996362,-0.10000000000000088,1.0009992775095466,False
629,0.03999999999996362,-0.10000000000000088,1.0009992775095466,False
630,0.02999999999974534,-0.10000000000000088,1.0009992775095466,False
631,0.02999999999974534,-0.10000000000000088,1.0009992775095466,False
632,0.020000000000436557,-0.1031690140845075,1.0009992775095466,False
633,0.0,-0.11764705882352938,1.0009992775095466,False
634,0.03999999999996362,-0.10000000000000088,1.0009992775095466,False
635,0.03999999999996362,-0.10000000000000088,1.0009992775095466,False
636,0.009999999999308784,-0.11071428571428556,1.0009992775095466,False
637,0.03999999999996362,-0.10000000000000088,1.0009992775095466,False
638,0.010000000000218279,-0.10420560747663567,1.0009992775095466,False
639,0.010000000000218279,-0.10396475770925133,1.0009992775095466,False
640,0.03999999999996362,-0.10000000000000088,1.0009992775095466,False
641,0.010000000000218279,-0.10499999999999991,1.0009992775095466,False
642,0.030000000000654836,-0.10000000000000088,1.0009992775095466,False
643,0.03999999999996362,-0.10000000000000088,1.0009992775095466,False
644,0.03999999999996362,-0.10000000000000088,1.0009992775095466,False
645,0.02999999999974534,-0.10254957507082219,1.0009992775095466,False
646,0.02999999999974534,-0.10215311004784766,1.0009992775095466,False
647,0.03999999999996362,-0.10000000000000088,1.0009992775095466,False
648,0.030000000000654836,-0.1020785219399546,1.0009992775095466,False
649,0.03999999999996362,-0.10000000000000088,1.0009992775095466,False
650,0.02999999999974534,-0.10218978102189857,1.0009992775095466,False
651,0.0500000000001819,-0.10000000000000088,1.0009992775095466,False
652,0.019999999999527063,-0.10323741007194288,1.0009992775095466,False
653,0.02999999999974534,-0.10235602094240909,1.0009992775095466,False
654,0.040000000000873115,-0.10000000000000088,1.0009992775095466,False
655,0.03999999999996362,-0.10000000000000088,1.0009992775095466,False
656,0.02999999999974534,-0.10222772277227797,1.0009992775095466,False
657,0.03999999999996362,-0.10000000000000088,1.0009992775095466,False
658,0.019999999999527063,-0.10338345864661694,1.0009992775095466,False
659,0.030000000000654836,-0.10225000000000074,1.0009992775095466,False
660,0.03999999999996362,-0.10000000000000088,1.0009992775095466,False
661,0.02999999999974534,-0.10200000000000081,1.0009992775095466,False
662,0.010000000000218279,-0.10499999999999991,1.0009992775095466,False
663,0.03999999999996362,-0.10000000000000088,1.0009992775095466,False
664,0.03999999999996362,-0.10000000000000088,1.0009992775095466,False
665,0.03999999999996362,-0.10000000000000088,1.0009992775095466,False
666,0.02999999999974534,-0.10000000000000088,1.0009992775095466,False
667,0.02999999999974534,-0.10000000000000088,1.0009992775095466,False
668,0.02999999999974534,-0.10000000000000088,1.0009992775095466,False
669,0.03999999999996362,-0.10000000000000088,1.0009992775095466,False
670,0.03999999999996362,-0.10000000000000088,1.0009992775095466,False
671,0.03999999999996362,-0.10000000000000088,1.0009992775095466,False
672,0.03999999999996362,-0.10000000000000088,1.0009992775095466,False
673,0.03999999999996362,-0.10000000000000088,1.0009992775095466,False
674,0.02999999999974534,-0.10227272727272801,1.0009992775095466,False
675,0.030000000000654836,-0.10000000000000088,1.0009992775095466,False
676,0.0500000000001819,-0.10000000000000088,1.0009992775095466,False
677,0.02999999999974534,-0.10000000000000088,1.0009992775095466,False
678,0.010000000000218279,-0.1079646017699113,1.0009992775095466,False
679,0.03999999999996362,-0.10000000000000088,1.0009992775095466,False
680,0.009999999999308784,-0.10749999999999978,1.0009992775095466,False
681,0.03999999999996362,-0.10000000000000088,1.0009992775095466,False
682,0.02999999999974534,-0.10000000000000088,1.0009992775095466,False
683,0.040000000000873115,-0.10210772833723732,1.0009992775095466,False
684,0.02999999999974534,-0.10000000000000088,1.0009992775095466,False
685,0.02999999999974534,-0.10000000000000088,1.0009992775095466,False
686,0.02999999999974534,-0.10000000000000088,1.0009992775095466,False
687,0.03999999999996362,-0.10000000000000088,1.0009992775095466,False
688,0.03999999999996362,-0.10000000000000088,1.0009992775095466,False
689,0.02999999999974534,-0.10000000000000088,1.0009992775095466,False
690,0.02999999999974534,-0.10000000000000088,1.0009992775095466,False
691,0.010000000000218279,-0.10376569037656933,1.0009992775095466,False
692,0.03999999999996362,-0.10000000000000088,1.0009992775095466,False
693,0.03999999999996362,-0.10000000000000088,1.0009992775095466,False
694,0.019999999999527063,-0.10499999999999991,1.0009992775095466,False
695,0.030000000000654836,-0.10214285714285792,1.0009992775095466,False
696,0.03999999999996362,-0.10000000000000088,1.0009992775095466,False
697,0.03999999999996362,-0.10000000000000088,1.0009992775095466,False
698,0.03999999999996362,-0.10000000000000088,1.0009992775095466,False
699,0.010000000000218279,-0.10891089108910872,1.0009992775095466,False
700,0.03999999999996362,-0.10000000000000088,1.0009992775095466,False
701,0.02999999999974534,-0.10245231607629496,1.0009992775095466,False
702,0.03999999999996362,-0.10000000000000088,1.0009992775095466,False
703,0.02999999999974534,-0.10000000000000088,1.0009992775095466,False
704,0.02999999999974534,-0.10000000000000088,1.0009992775095466,False
705,0.010000000000218279,-0.10416666666666684,1.0009992775095466,False
706,0.03999999999996362,-0.10000000000000088,1.0009992775095466,False
707,0.03999999999996362,-0.10000000000000088,1.0009992775095466,False
708,0.02999999999974534,-0.10215311004784766,1.0009992775095466,False
709,0.02999999999974534,-0.10000000000000088,1.0009992775095466,False
710,0.03999999999996362,-0.10000000000000088,1.0009992775095466,False
711,0.03999999999996362,-0.10203160270880442,1.0009992775095466,False
712,0.03999999999996362,-0.10000000000000088,1.0009992775095466,False
713,0.030000000000654836,-0.10000000000000088,1.0009992775095466,False
714,0.030000000000654836,-0.10000000000000088,1.0009992775095466,False
715,0.030000000000654836,-0.10000000000000088,1.0009992775095466,False
716,0.03999999999996362,-0.10000000000000088,1.0009992775095466,False
717,0.03999999999996362,-0.10000000000000088,1.0009992775095466,False
718,0.02999999999974534,-0.10212765957446887,1.0009992775095466,False
719,0.03999999999996362,-0.10000000000000088,1.0009992775095466,False
720,0.020000000000436557,-0.10432692307692319,1.0009992775095466,False
721,0.009999999999308784,-0.10545454545454523,1.0009992775095466,False
722,0.010000000000218279,-0.10714285714285691,1.0009992775095466,False
723,0.020000000000436557,-0.10410958904109607,1.0009992775095466,False
724,0.03999999999996362,-0.10000000000000088,1.0009992775095466,False
725,0.02999999999974534,-0.10231362467866396,1.0009992775095466,False
726,0.02999999999974534,-0.10260869565217455,1.0009992775095466,False
727,0.02999999999974534,-0.10000000000000088,1.0009992775095466,False
728,0.030000000000654836,-0.10000000000000088,1.0009992775095466,False
729,0.020000000000436557,-0.10264705882353004,1.0009992775095466,False
730,0.019999999999527063,-0.10396475770925133,1.0009992775095466,False
731,0.010000000000218279,-0.10687022900763336,1.0009992775095466,False
732,0.03999999999996362,-0.10000000000000088,1.0009992775095466,False
733,0.03999999999996362,-0.10000000000000088,1.0009992775095466,False
734,0.03999999999996362,-0.10000000000000088,1.0009992775095466,False
735,0.03999999999996362,-0.10000000000000088,1.0009992775095466,False
736,0.03999999999996362,-0.10000000000000088,1.0009992775095466,False
737,0.03999999999996362,-0.10000000000000088,1.0009992775095466,False
738,0.030000000000654836,-0.10212765957446887,1.0009992775095466,False
739,0.03999999999996362,-0.10000000000000088,1.0009992775095466,False
740,0.030000000000654836,-0.10000000000000088,1.0009992775095466,False
741,0.030000000000654836,-0.10000000000000088,1.0009992775095466,False
742,0.019999999999527063,-0.10312500000000048,1.0009992775095466,False
743,0.03999999999996362,-0.10000000000000088,1.0009992775095466,False
744,0.0500000000001819,-0.10000000000000088,1.0009992775095466,False
745,0.02999999999974534,-0.10000000000000088,1.0009992775095466,False
746,0.02999999999974534,-0.10000000000000088,1.0009992775095466,False
747,0.02999999999974534,-0.10000000000000088,1.0009992775095466,False
748,0.03999999999996362,-0.10000000000000088,1.0009992775095466,False
749,0.040000000000873115,-0.10000000000000088,1.0009992775095466,False
750,0.03999999999996362,-0.10000000000000088,1.0009992775095466,False
751,0.02999999999974534,-0.10000000000000088,1.0009992775095466,False
752,0.02999999999974534,-0.10000000000000088,1.0009992775095466,False
753,0.03999999999996362,-0.10000000000000088,1.0009992775095466,False
754,0.03999999999996362,-0.10000000000000088,1.0009992775095466,False
755,0.02999999999974534,-0.10000000000000088,1.0009992775095466,False
756,0.02999999999974534,-0.10000000000000088,1.0009992775095466,False
757,0.02999999999974534,-0.10000000000000088,1.0009992775095466,False
758,0.03999999999996362,-0.10000000000000088,1.0009992775095466,False
759,0.020000000000436557,-0.10499999999999991,1.0009992775095466,False
760,0.02999999999974534,-0.10199556541020037,1.0009992775095466,False
761,0.020000000000436557,-0.1048128342245989,1.0009992775095466,False
762,0.03999999999996362,-0.10000000000000088,1.0009992775095466,False
763,0.03999999999996362,-0.10000000000000088,1.0009992775095466,False
764,0.03999999999996362,-0.10000000000000088,1.0009992775095466,False
765,0.019999999999527063,-0.10348837209302363,1.0009992775095466,False
766,0.020000000000436557,-0.10375000000000029,1.0009992775095466,False
767,0.02999999999974534,-0.10234986945169784,1.0009992775095466,False
768,0.020000000000436557,-0.10376569037656933,1.0009992775095466,False
769,0.02999999999974534,-0.10000000000000088,1.0009992775095466,False
770,0.03999999999996362,-0.10000000000000088,1.0009992775095466,False
771,0.009999999999308784,-0.10927835051546374,1.0009992775095466,False
772,0.040000000000873115,-0.10000000000000088,1.0009992775095466,False
773,0.03999999999996362,-0.10000000000000088,1.0009992775095466,False
774,0.02999999999974534,-0.10000000000000088,1.0009992775095466,False
775,0.02999999999974534,-0.10000000000000088,1.0009992775095466,False
776,0.02999999999974534,-0.10000000000000088,1.0009992775095466,False
777,0.03999999999996362,-0.10000000000000088,1.0009992775095466,False
778,0.019999999999527063,-0.10456852791878177,1.0009992775095466,False
779,0.010000000000218279,-0.10476190476190475,1.0009992775095466,False
780,0.03999999999996362,-0.10000000000000088,1.0009992775095466,False
781,0.010000000000218279,-0.10647482014388465,1.0009992775095466,False
782,0.019999999999527063,-0.10357142857142891,1.0009992775095466,False
783,0.030000000000654836,-0.10000000000000088,1.0009992775095466,False
784,0.030000000000654836,-0.10000000000000088,1.0009992775095466,False
785,0.019999999999527063,-0.10299003322259188,1.0009992775095466,False
786,0.0500000000001819,-0.10000000000000088,1.0009992775095466,False
787,0.010000000000218279,-0.11232876712328754,1.0009992775095466,False
788,0.02999999999974534,-0.10209790209790288,1.0009992775095466,False
789,0.03999999999996362,-0.10000000000000088,1.0009992775095466,False
790,0.010000000000218279,-0.1081081081081079,1.0009992775095466,False
791,0.03999999999996362,-0.10000000000000088,1.0009992775095466,False
792,0.010000000000218279,-0.10473684210526316,1.0009992775095466,False
793,0.019999999999527063,-0.10391304347826111,1.0009992775095466,False
794,0.03999999999996362,-0.10000000000000088,1.0009992775095466,False
795,0.03999999999996362,-0.10000000000000088,1.0009992775095466,False
796,0.02999999999974534,-0.10000000000000088,1.0009992775095466,False
797,0.030000000000654836,-0.10000000000000088,1.0009992775095466,False
798,0.030000000000654836,-0.10000000000000088,1.0009992775095466,False
799,0.03999999999996362,-0.10000000000000088,1.0009992775095466,False
800,0.03999999999996362,-0.10000000000000088,1.0009992775095466,False
801,0.03999999999996362,-0.10000000000000088,1.0009992775095466,False
802,0.02999999999974534,-0.1018947368421061,1.0009992775095466,False
803,0.009999999999308784,-0.10687022900763336,1.0009992775095466,False
804,0.040000000000873115,-0.10000000000000088,1.0009992775095466,False
805,0.03999999999996362,-0.10000000000000088,1.0009992775095466,False
806,0.019999999999527063,-0.1034090909090913,1.0009992775095466,False
807,0.03999999999996362,-0.10183299389002123,1.0009992775095466,False
808,0.03999999999996362,-0.10184426229508284,1.0009992775095466,False
809,0.020000000000436557,-0.10295081967213168,1.0009992775095466,False
810,0.03999999999996362,-0.10000000000000088,1.0009992775095466,False
811,0.03999999999996362,-0.10000000000000088,1.0009992775095466,False
812,0.03999999999996362,-0.10000000000000088,1.0009992775095466,False
813,0.03999999999996362,-0.10000000000000088,1.0009992775095466,False
814,0.03999999999996362,-0.10000000000000088,1.0009992775095466,False
815,0.010000000000218279,-0.10818181818181798,1.0009992775095466,False
816,0.02999999999974534,-0.10000000000000088,1.0009992775095466,False
817,0.02999999999974534,-0.10000000000000088,1.0009992775095466,False
818,0.03999999999996362,-0.10000000000000088,1.0009992775095466,False
819,0.03999999999996362,-0.10000000000000088,1.0009992775095466,False
820,0.02999999999974534,-0.10000000000000088,1.0009992775095466,False
821,0.02999999999974534,-0.10000000000000088,1.0009992775095466,False
822,0.02999999999974534,-0.10000000000000088,1.0009992775095466,False
823,0.03999999999996362,-0.10000000000000088,1.0009992775095466,False
824,0.03999999999996362,-0.10000000000000088,1.0009992775095466,False
825,0.040000000000873115,-0.10000000000000088,1.0009992775095466,False
826,0.03999999999996362,-0.10000000000000088,1.0009992775095466,False
827,0.03999999999996362,-0.10000000000000088,1.0009992775095466,False
828,0.03999999999996362,-0.10000000000000088,1.0009992775095466,False
829,0.02999999999974534,-0.10188679245283104,1.0009992775095466,False
830,0.03999999999996362,-0.10000000000000088,1.0009992775095466,False
831,0.010000000000218279,-0.10661764705882329,1.0009992775095466,False
832,0.03999999999996362,-0.10000000000000088,1.0009992775095466,False
833,0.0500000000001819,-0.10000000000000088,1.0009992775095466,False
834,0.03999999999996362,-0.10000000000000088,1.0009992775095466,False
835,0.02999999999974534,-0.10000000000000088,1.0009992775095466,False
836,0.02999999999974534,-0.10000000000000088,1.0009992775095466,False
837,0.02999999999974534,-0.10000000000000088,1.0009992775095466,False
838,0.03999999999996362,-0.10000000000000088,1.0009992775095466,False
839,0.03999999999996362,-0.10000000000000088,1.0009992775095466,False
840,0.03999999999996362,-0.10000000000000088,1.0009992775095466,False
841,0.02999999999974534,-0.10000000000000088,1.0009992775095466,False
842,0.02999999999974534,-0.10000000000000088,1.0009992775095466,False
843,0.020000000000436557,-0.10302013422818843,1.0009992775095466,False
844,0.03999999999996362,-0.10000000000000088,1.0009992775095466,False
845,0.02999999999974534,-0.10000000000000088,1.0009992775095466,False
846,0.0,-0.10775862068965496,1.0009992775095466,False
847,0.02999999999974534,-0.10191082802547856,1.0009992775095466,False
848,0.03999999999996362,-0.10000000000000088,1.0009992775095466,False
849,0.010000000000218279,-0.11475409836065566,1.0009992775095466,False
850,0.03999999999996362,-0.10000000000000088,1.0009992775095466,False
851,0.02999999999974534,-0.10000000000000088,1.0009992775095466,False
852,0.0,-0.11097560975609741,1.0009992775095466,False
853,0.03999999999996362,-0.10000000000000088,1.0009992775095466,False
854,0.03999999999996362,-0.10000000000000088,1.0009992775095466,False
855,0.03999999999996362,-0.10000000000000088,1.0009992775095466,False
856,0.019999999999527063,-0.10291262135922384,1.0009992775095466,False
857,0.03999999999996362,-0.10000000000000088,1.0009992775095466,False
858,0.03999999999996362,-0.10000000000000088,1.0009992775095466,False
859,0.020000000000436557,-0.10456852791878177,1.0009992775095466,False
860,0.010000000000218279,-0.10552147239263779,1.0009992775095466,False
861,0.019999999999527063,-0.10323741007194288,1.0009992775095466,False
862,0.02999999999974534,-0.10000000000000088,1.0009992775095466,False
863,0.030000000000654836,-0.10236220472441016,1.0009992775095466,False
864,0.02999999999974534,-0.1024590163934433,1.0009992775095466,False
865,0.03999999999996362,-0.10000000000000088,1.0009992775095466,False
866,0.03999999999996362,-0.10000000000000088,1.0009992775095466,False
867,0.03999999999996362,-0.10000000000000088,1.0009992775095466,False
868,0.02999999999974534,-0.10000000000000088,1.0009992775095466,False
869,0.03999999999996362,-0.10000000000000088,1.0009992775095466,False
870,0.03999999999996362,-0.10000000000000088,1.0009992775095466,False
871,0.0500000000001819,-0.10000000000000088,1.0009992775095466,False
872,0.03999999999996362,-0.10000000000000088,1.0009992775095466,False
873,0.010000000000218279,-0.10491803278688519,1.0009992775095466,False
874,0.03999999999996362,-0.10196506550218423,1.0009992775095466,False
875,0.02999999999974534,-0.10000000000000088,1.0009992775095466,False
876,0.03999999999996362,-0.10000000000000088,1.0009992775095466,False
877,0.03999999999996362,-0.10000000000000088,1.0009992775095466,False
878,0.010000000000218279,-0.10661764705882329,1.0009992775095466,False
879,0.019999999999527063,-0.10393013100436704,1.0009992775095466,False
880,0.03999999999996362,-0.10000000000000088,1.0009992775095466,False
881,0.010000000000218279,-0.11698113207547164,1.0009992775095466,False
882,0.020000000000436557,-0.103703703703704,1.0009992775095466,False
883,0.02999999999974534,-0.10000000000000088,1.0009992775095466,False
884,0.02999999999974534,-0.10000000000000088,1.0009992775095466,False
885,0.02999999999974534,-0.10000000000000088,1.0009992775095466,False
886,0.0500000000001819,-0.10000000000000088,1.0009992775095466,False
887,0.02999999999974534,-0.10218978102189857,1.0009992775095466,False
888,0.03999999999996362,-0.10000000000000088,1.0009992775095466,False
889,0.03999999999996362,-0.10000000000000088,1.0009992775095466,False
890,0.03999999999996362,-0.10000000000000088,1.0009992775095466,False
891,0.03999999999996362,-0.10000000000000088,1.0009992775095466,False
892,0.010000000000218279,-0.10882352941176451,1.0009992775095466,False
893,0.02999999999974534,-0.10000000000000088,1.0009992775095466,False
894,0.020000000000436557,-0.10240641711230015,1.0009992775095466,False
895,0.030000000000654836,-0.10000000000000088,1.0009992775095466,False
896,0.020000000000436557,-0.10299003322259188,1.0009992775095466,False
897,0.03999999999996362,-0.10000000000000088,1.0009992775095466,False
898,0.03999999999996362,-0.10000000000000088,1.0009992775095466,False
899,0.010000000000218279,-0.10489130434782604,1.0009992775095466,False
900,0.03999999999996362,-0.10000000000000088,1.0009992775095466,False
901,0.010000000000218279,-0.1062068965517239,1.0009992775095466,False
902,0.03999999999996362,-0.10000000000000088,1.0009992775095466,False
903,0.03999999999996362,-0.10000000000000088,1.0009992775095466,False
904,0.03999999999996362,-0.10000000000000088,1.0009992775095466,False
905,0.019999999999527063,-0.10360000000000033,1.0009992775095466,False
906,0.02999999999974534,-0.10000000000000088,1.0009992775095466,False
907,0.02999999999974534,-0.10000000000000088,1.0009992775095466,False
908,0.040000000000873115,-0.10000000000000088,1.0009992775095466,False
909,0.03999999999996362,-0.10000000000000088,1.0009992775095466,False
910,0.009999999999308784,-0.10719999999999978,1.0009992775095466,False
911,0.03999999999996362,-0.10000000000000088,1.0009992775095466,False
912,0.03999999999996362,-0.10000000000000088,1.0009992775095466,False
913,0.03999999999996362,-0.10208333333333412,1.0009992775095466,False
914,0.03999999999996362,-0.10000000000000088,1.0009992775095466,False
915,0.040000000000873115,-0.10000000000000088,1.0009992775095466,False
916,0.009999999999308784,-0.1043062200956939,1.0009992775095466,False
917,0.02999999999974534,-0.10212264150943474,1.0009992775095466,False
918,0.030000000000654836,-0.10245231607629496,1.0009992775095466,False
919,0.03999999999996362,-0.10000000000000088,1.0009992775095466,False
920,0.03999999999996362,-0.10000000000000088,1.0009992775095466,False
921,0.009999999999308784,-0.10849056603773564,1.0009992775095466,False
922,0.03999999999996362,-0.10000000000000088,1.0009992775095466,False
923,0.030000000000654836,-0.10000000000000088,1.0009992775095466,False
924,0.03999999999996362,-0.10000000000000088,1.0009992775095466,False
925,0.019999999999527063,-0.10562499999999975,1.0009992775095466,False
926,0.030000000000654836,-0.10000000000000088,1.0009992775095466,False
927,0.03999999999996362,-0.10000000000000088,1.0009992775095466,False
928,0.049999999999272404,-0.10000000000000088,1.0009992775095466,False
929,0.010000000000218279,-0.10638297872340402,1.0009992775095466,False
930,0.020000000000436557,-0.10306122448979642,1.0009992775095466,False
931,0.03999999999996362,-0.10000000000000088,1.0009992775095466,False
932,0.019999999999527063,-0.1030716723549493,1.0009992775095466,False
933,0.03999999999996362,-0.10000000000000088,1.0009992775095466,False
934,0.02999999999974534,-0.10000000000000088,1.0009992775095466,False
935,0.03999999999996362,-0.10000000000000088,1.0009992775095466,False
936,0.03999999999996362,-0.10000000000000088,1.0009992775095466,False
937,0.03999999999996362,-0.10000000000000088,1.0009992775095466,False
938,0.030000000000654836,-0.10000000000000088,1.0009992775095466,False
939,0.02999999999974534,-0.10000000000000088,1.0009992775095466,False
940,0.03999999999996362,-0.10000000000000088,1.0009992775095466,False
941,0.03999999999996362,-0.10000000000000088,1.0009992775095466,False
942,0.02999999999974534,-0.10000000000000088,1.0009992775095466,False
943,0.02999999999974534,-0.10000000000000088,1.0009992775095466,False
944,0.03999999999996362,-0.10000000000000088,1.0009992775095466,False
945,0.020000000000436557,-0.10315789473684257,1.0009992775095466,False
946,0.02999999999974534,-0.10000000000000088,1.0009992775095466,False
947,0.02999999999974534,-0.10227272727272801,1.0009992775095466,False
948,0.0,-0.11578947368421046,1.0009992775095466,False
949,0.03999999999996362,-0.10000000000000088,1.0009992775095466,False
950,0.02999999999974534,-0.10000000000000088,1.0009992775095466,False
951,0.02999999999974534,-0.10000000000000088,1.0009992775095466,False
952,0.02999999999974534,-0.10000000000000088,1.0009992775095466,False
953,0.03999999999996362,-0.10000000000000088,1.0009992775095466,False
954,0.020000000000436557,-0.10386266094420626,1.0009992775095466,False
955,0.03999999999996362,-0.10000000000000088,1.0009992775095466,False
956,0.03999999999996362,-0.10000000000000088,1.0009992775095466,False
957,0.03999999999996362,-0.10000000000000088,1.0009992775095466,False
958,0.03999999999996362,-0.10000000000000088,1.0009992775095466,False
959,0.02999999999974534,-0.10208333333333412,1.0009992775095466,False
960,0.03999999999996362,-0.10000000000000088,1.0009992775095466,False
961,0.03999999999996362,-0.10000000000000088,1.0009992775095466,False
962,0.03999999999996362,-0.10000000000000088,1.0009992775095466,False
963,0.02999999999974534,-0.10000000000000088,1.0009992775095466,False
964,0.03999999999996362,-0.10000000000000088,1.0009992775095466,False
965,0.03999999999996362,-0.10000000000000088,1.0009992775095466,False
966,0.040000000000873115,-0.10000000000000088,1.0009992775095466,False
967,0.03999999999996362,-0.10000000000000088,1.0009992775095466,False
968,0.019999999999527063,-0.10292207792207846,1.0009992775095466,False
969,0.0500000000001819,-0.10000000000000088,1.0009992775095466,False
970,0.02999999999974534,-0.10000000000000088,1.0009992775095466,False
971,0.02999999999974534,-0.10000000000000088,1.0009992775095466,False
972,0.02999999999974534,-0.10000000000000088,1.0009992775095466,False
973,0.03999999999996362,-0.10000000000000088,1.0009992775095466,False
974,0.03999999999996362,-0.10000000000000088,1.0009992775095466,False
975,0.030000000000654836,-0.10000000000000088,1.0009992775095466,False
976,0.030000000000654836,-0.10000000000000088,1.0009992775095466,False
977,0.030000000000654836,-0.10000000000000088,1.0009992775095466,False
978,0.030000000000654836,-0.10000000000000088,1.0009992775095466,False
979,0.009999999999308784,-0.10947368421052613,1.0009992775095466,False
980,0.020000000000436557,-0.10318021201413474,1.0009992775095466,False
981,0.02999999999974534,-0.10000000000000088,1.0009992775095466,False
982,0.03999999999996362,-0.10000000000000088,1.0009992775095466,False
983,0.0500000000001819,-0.10000000000000088,1.0009992775095466,False
984,0.03999999999996362,-0.10000000000000088,1.0009992775095466,False
985,0.02999999999974534,-0.10000000000000088,1.0009992775095466,False
986,0.020000000000436557,-0.10418604651162806,1.0009992775095466,False
987,0.03999999999996362,-0.10000000000000088,1.0009992775095466,False
988,0.03999999999996362,-0.10000000000000088,1.0009992775095466,False
989,0.02999999999974534,-0.10000000000000088,1.0009992775095466,False
990,0.02999999999974534,-0.10000000000000088,1.0009992775095466,False
991,0.02999999999974534,-0.10000000000000088,1.0009992775095466,False
992,0.02999999999974534,-0.10235602094240909,1.0009992775095466,False
993,0.03999999999996362,-0.10000000000000088,1.0009992775095466,False
994,0.040000000000873115,-0.10000000000000088,1.0009992775095466,False
995,0.02999999999974534,-0.10282131661442064,1.0009992775095466,False
996,0.03999999999996362,-0.10000000000000088,1.0009992775095466,False
997,0.019999999999527063,-0.10258620689655236,1.0009992775095466,False
998,0.03999999999996362,-0.10000000000000088,1.0009992775095466,False
999,0.03999999999996362,-0.10000000000000088,1.0009992775095466,False
1000,0.010000000000218279,-0.10414746543778819,1.0009992775095466,False
